4594
14667
9476
18284
6954
10653
506
1432
11222
1105
3381
9037
15802
10614
7995
9371
5067
20412
2617
9924
1383
18539
16600
5169
1282
2379
12075
5796
7848
7176
9600
14075
4387
15236
849
441
796
28774
6954
8868
6274
16498
10013
10968
14667
7251
5907
1062
405
10414
12665
6894
14601
1604
13855
2870
14112
13048
5363
1773
5288
7586
14520
7979
20533
11296
8513
13757
2188
13579
1598
4123
2077
14251
17385
19861
5065
3843
14504
16630
13967
22815
8418
2189
2723
8102
5076
6899
8235
14134
6331
12034
2558
7201
2082
2276
10563
17720
16570
4537
1348
2958
7546
19260
13062
5502
3718
11983
17874
12945
11537
5853
8294
4052
3690
9080
13853
6654
11075
16795
8939
13128
11819
7940
9115
5763
3158
3857
6442
1019
8869
9100
27489
7869
14096
4344
18068
234
16075
6568
6571
24608
2017
8503
11395
6304
5403
16854
29191
18619
2959
10458
22964
980
14762
2200
10863
4928
2680
14002
545
10508
6121
15021
5299
3418
2519
4716
2011
1741
2966
2586
6248
6555
1260
8569
6771
13899
9019
7904
5399
5013
6605
10646
2713
2325
4931
2563
8944
7893
2101
5606
1852
2514
926
8440
18366
6376
21216
1193
5075
10930
5938
26967
2267
11049
1365
22354
2847
549
1065
9498
14031
2272
2190
2612
11484
19549
8528
2476
1315
16709
5370
9105
4190
32517
17394
1967
4239
23411
3308
16166
26468
15855
11668
34113
2716
6376
1874
584
621
4480
9516
6713
15859
6010
3336
12028
2455
10550
4266
5609
7931
7421
9059
3404
7497
7217
14969
6903
9271
25363
13719
8985
2549
8743
390
1615
14131
9535
3510
1870
13799
14610
8474
5409
6343
5908
4601
332
6209
3457
3283
7020
2058
1634
18627
11849
17422
8267
12999
4430
4606
1372
8295
14139
5702
2899
3586
6654