len_x	len_y	TJ	J1	J2	J3	J4	trueED	TED[0]	TED[1]	TED[2]	ED1[0]	ED1[1]	ED1[2]	ED2[0]	ED2[1]	ED2[2]	ED3[0]	ED3[1]	ED3[2]	ED4[0]	ED4[1]	ED4[2]
6165	1579	0.0	0.0	0.0	0.0078125	0.000895573187313848	4594.0	4586.0	0.0	385.3125	4586.0	0.0	385.3125	4586.0	0.0	385.3125	4586.0	30.368627450980387	381.5605620155039	4586.0	3.469212848283223	384.8794304228416
15207	26775	0.00021466393168916663	0.0	0.0	0.0078125	0.0023435684588553078	14667.0	11568.0	4.506494280977542	1672.8743695600335	11568.0	0.0	1673.4375	11568.0	0.0	1673.4375	11568.0	164.63529411764708	1653.0973837209303	11568.0	49.25155771844099	1667.3026467585773
14670	5575	0.0	0.0	0.0	0.0078125	-0.004961769960007356	9476.0	9095.0	0.0	916.875	9095.0	0.0	916.875	9095.0	0.0	916.875	9095.0	79.3921568627451	907.0663759689922	9095.0	-50.10122105338327	923.1844958193409
23919	5635	0.0	0.0	0.0	0.0078125	-0.001651277580465645	18284.0	18284.0	0.0	1494.9375	18284.0	0.0	1494.9375	18284.0	0.0	1494.9375	18284.0	115.89803921568628	1480.6187015503876	18284.0	-24.38079907308922	1497.9926610197142
13839	10672	0.0	0.0	0.0	0.0078125	0.004778434586806519	6954.0	3167.0000000000005	0.0	864.9375	3167.0000000000005	0.0	864.9375	3167.0000000000005	0.0	864.9375	3167.0000000000005	96.12156862745097	853.062015503876	3167.0000000000005	58.70235776694762	857.6520499118558
20957	14733	8.414911222686601e-05	0.0	0.0	0.0078125	-0.0010252115999921214	10653.0	6224.000000000001	1.5017040912214759	1309.6248106804287	6224.000000000001	0.0	1309.8125	6224.000000000001	0.0	1309.8125	6224.000000000001	139.9607843137255	1292.5208333333333	6224.000000000001	-18.285527734286823	1312.1017095494174
2664	2630	0.026932084309133488	0.0078125	0.0078125	0.0078125	0.02494677550779698	506.0	34.00000000000005	72.26231454005934	157.82254846066138	34.00000000000005	20.76078431372549	163.93507751937983	34.00000000000005	20.76078431372549	163.93507751937983	34.00000000000005	20.76078431372549	163.93507751937983	34.00000000000005	66.86818760149245	158.44664099308682
2819	2760	0.0	0.0	0.0	0.0078125	0.0033419170814032095	1432.0	58.99999999999994	0.0	176.1875	58.99999999999994	0.0	176.1875	58.99999999999994	0.0	176.1875	58.99999999999994	21.87843137254902	173.484496124031	58.99999999999994	9.337880910433597	175.02609660153394
2957	14179	0.0	0.0	0.0	0.0078125	0.0004637352286253172	11222.0	11222.0	0.0	886.1875	11222.0	0.0	886.1875	11222.0	0.0	886.1875	11222.0	67.19999999999999	877.8851744186046	11222.0	3.9742049282772265	885.6910697823226
2126	2055	0.0	0.0	0.0	0.0078125	-0.004247164850375725	1105.0	71.00000000000003	0.0	132.875	71.00000000000003	0.0	132.875	71.00000000000003	0.0	132.875	71.00000000000003	16.396078431372548	130.84932170542635	71.00000000000003	-8.859883426975713	133.98957103187362
4171	790	0.008594229588704727	0.0	0.0078125	0.0078125	0.01031665112030741	3381.0	3381.0000000000005	21.409987669543774	258.0454580036519	3381.0000000000005	0.0	260.6875	3381.0000000000005	19.454901960784312	258.2839147286822	3381.0000000000005	19.454901960784312	258.2839147286822	3381.0000000000005	25.723141441909778	257.52135735111534
3505	12520	0.0	0.0	0.0	0.0078125	0.001583145256982436	9037.0	9015.0	0.0	782.5	9015.0	0.0	782.5	9015.0	0.0	782.5	9015.0	62.84313725490196	774.7359496124031	9015.0	12.695000386396325	780.9168873757959
6876	22504	0.0	0.0	0.0	0.0078125	0.003853668124696941	15802.0	15628.0	0.0	1406.5	15628.0	0.0	1406.5	15628.0	0.0	1406.5	15628.0	115.21568627450979	1392.265503875969	15628.0	56.71967415195936	1399.4508669254612
20680	20161	2.4506800637176815e-05	0.0	0.0	0.0078125	0.0008758269830753332	10614.0	518.9999999999994	0.500447254592018	1292.4374463926872	518.9999999999994	0.0	1292.5	518.9999999999994	0.0	1292.5	518.9999999999994	160.1607843137255	1272.7126937984497	518.9999999999994	17.89266034525453	1290.2663531746741
3414	11360	0.0	0.0	0.0	0.0078125	-0.0027759051643401387	7995.0	7946.0	0.0	710.0	7946.0	0.0	710.0	7946.0	0.0	710.0	7946.0	57.93725490196078	702.8420542635658	7946.0	-20.477190080133294	712.5703364413241
15709	7316	0.0	0.0	0.0	0.0078125	0.000550255872280628	9371.0	8393.0	0.0	981.8125	8393.0	0.0	981.8125	8393.0	0.0	981.8125	8393.0	90.29411764705883	970.6569767441861	8393.0	6.336564095432526	981.0210828907082
2683	7589	0.0	0.0	0.0	0.0078125	0.001456609493715053	5067.0	4906.000000000001	0.0	474.3125	4906.000000000001	0.0	474.3125	4906.000000000001	0.0	474.3125	4906.000000000001	40.28235294117647	469.3357558139535	4906.000000000001	7.4865988852264405	473.3787168624183
25977	5565	0.0	0.0	0.0	0.0078125	0.0005667300362653126	20412.0	20412.0	0.0	1623.5625	20412.0	0.0	1623.5625	20412.0	0.0	1623.5625	20412.0	123.69411764705882	1608.280523255814	20412.0	8.940432807844953	1622.4458953881297
4563	5178	0.0	0.0	0.0	0.0078125	0.0005909090350362508	2617.0	615.0000000000001	0.0	323.625	615.0000000000001	0.0	323.625	615.0000000000001	0.0	323.625	615.0000000000001	38.199999999999996	318.90552325581393	615.0000000000001	2.8788730311864845	323.265459648749
18451	19558	0.0	0.0	0.0	0.0078125	-0.0005722062645118087	9924.0	1106.999999999999	0.0	1222.375	1106.999999999999	0.0	1222.375	1106.999999999999	0.0	1222.375	1106.999999999999	149.05490196078432	1203.9597868217054	1106.999999999999	-10.871383617009887	1223.7350899962555
2350	2749	0.0	0.0	0.0	0.0078125	0.00012400617260475744	1383.0	399.0	0.0	171.8125	399.0	0.0	171.8125	399.0	0.0	171.8125	399.0	19.99607843137255	169.3420542635659	399.0	0.3161733407787639	171.77298568288728
1777	20316	0.0	0.0	0.0	0.0078125	0.0014255878830952613	18539.0	18539.0	0.0	1269.75	18539.0	0.0	1269.75	18539.0	0.0	1269.75	18539.0	86.6392156862745	1259.046027131783	18539.0	15.75898946282582	1267.7843326627117
2031	18631	0.0	0.0	0.0	0.0078125	0.0009358782651009402	16600.0	16600.0	0.0	1164.4375	16600.0	0.0	1164.4375	16600.0	0.0	1164.4375	16600.0	81.02745098039215	1154.4268410852712	16600.0	9.673084771654949	1163.2300602220498
7634	2590	0.0	0.0	0.0	0.0078125	0.0010554735730217515	5169.0	5044.0	0.0	477.125	5044.0	0.0	477.125	5044.0	0.0	477.125	5044.0	40.09411764705882	472.17151162790697	5044.0	5.398429855311239	476.45126349791224
1986	772	0.0	0.0	0.0	0.0078125	0.0034103712236925204	1282.0	1214.0	0.0	124.125	1214.0	0.0	124.125	1214.0	0.0	124.125	1214.0	10.815686274509803	122.78875968992249	1214.0	4.7109349359431	123.53913527650997
4049	4665	0.0	0.0	0.0	0.0078125	0.005807157448978338	2379.0	615.9999999999998	0.0	291.5625	615.9999999999998	0.0	291.5625	615.9999999999998	0.0	291.5625	615.9999999999998	34.17254901960784	287.3406007751938	615.9999999999998	25.375464664522553	288.41803726454737
15150	3075	0.0	0.0	0.0	0.0078125	0.0002676230981777279	12075.0	12075.0	0.0	946.875	12075.0	0.0	946.875	12075.0	0.0	946.875	12075.0	71.47058823529412	938.0450581395348	12075.0	2.439041854113337	946.5702421249787
7624	1828	0.0	0.0	0.0	0.0078125	-0.0033249018645514984	5796.0	5796.0	0.0	476.5	5796.0	0.0	476.5	5796.0	0.0	476.5	5796.0	37.06666666666667	471.92054263565893	5796.0	-15.687406668030127	478.4707382878917
14092	7692	0.0	0.0	0.0	0.0078125	0.0019383664250705035	7848.0	6400.0	0.0	880.75	6400.0	0.0	880.75	6400.0	0.0	880.75	6400.0	85.42745098039215	870.1957364341085	6400.0	21.133169014504453	878.1160197311839
14347	11471	0.0	0.0	0.0	0.0078125	-0.0007747646981428437	7176.0	2876.000000000001	0.0	896.6875	2876.000000000001	0.0	896.6875	2876.000000000001	0.0	896.6875	2876.000000000001	101.2470588235294	884.1787790697674	2876.000000000001	-9.997564608263025	897.938649032143
9143	17166	0.0	0.0	0.0	0.0078125	-0.0022190872785092623	9600.0	8023.0	0.0	1072.875	8023.0	0.0	1072.875	8023.0	0.0	1072.875	8023.0	103.17254901960783	1060.1283914728683	8023.0	-29.15863083178132	1076.5319881264727
8335	21830	0.0	0.0	0.0	0.0078125	-0.0019620803309778243	14075.0	13495.0	0.0	1364.375	13495.0	0.0	1364.375	13495.0	0.0	1364.375	13495.0	118.29411764705883	1349.7601744186047	13495.0	-29.56407304885666	1368.0814068419597
2653	6842	0.0	0.0	0.0	0.0078125	0.0028962945899623474	4387.0	4189.0	0.0	427.625	4189.0	0.0	427.625	4189.0	0.0	427.625	4189.0	37.23529411764706	423.02470930232556	4189.0	13.770099698476214	425.91119386670135
4730	19966	0.0	0.0	0.0	0.0078125	-0.002988478768253689	15236.0	15236.0	0.0	1247.875	15236.0	0.0	1247.875	15236.0	0.0	1247.875	15236.0	96.84705882352941	1235.9098837209303	15236.0	-36.84667807284586	1252.5015433052376
1582	1595	0.0	0.0	0.0	0.0078125	0.006174031964963689	849.0	12.999999999999961	0.0	99.6875	12.999999999999961	0.0	99.6875	12.999999999999961	0.0	99.6875	12.999999999999961	12.458823529411765	98.14825581395348	12.999999999999961	9.837819281700195	98.46909127238756
1511	1596	0.009520682862770847	0.0	0.0078125	0.0078125	0.00430441191097149	441.0	85.00000000000006	14.861124855682004	97.91863821138212	85.00000000000006	0.0	99.75	85.00000000000006	12.184313725490195	98.24467054263566	85.00000000000006	12.184313725490195	98.24467054263566	85.00000000000006	6.701326538580196	98.91771949017799
1453	1544	0.0	0.0	0.0	0.0078125	-0.009323914015032882	796.0	90.99999999999999	0.0	96.5	90.99999999999999	0.0	96.5	90.99999999999999	0.0	96.5	90.99999999999999	11.752941176470587	95.04796511627907	90.99999999999999	-13.907051077303054	98.26292298628005
1449	30223	0.0	0.0	0.0	0.0078125	-0.0035875560194829955	28774.0	28774.0	0.0	1888.9375	28774.0	0.0	1888.9375	28774.0	0.0	1888.9375	28774.0	124.20392156862745	1873.59253875969	28774.0	-56.71081051970786	1896.06463614073
10456	3889	0.0	0.0	0.0	0.0078125	-0.004136068471691462	6954.0	6566.999999999999	0.0	653.5	6566.999999999999	0.0	653.5	6566.999999999999	0.0	653.5	6566.999999999999	56.254901960784316	646.5499031007752	6566.999999999999	-29.604727523146263	657.2236451404159
13015	4308	0.0	0.0	0.0	0.0078125	-0.002958584500514526	8868.0	8707.0	0.0	813.4375	8707.0	0.0	813.4375	8707.0	0.0	813.4375	8707.0	67.93333333333334	805.0445736434109	8707.0	-25.587927628166074	816.6502275824306
9380	12412	0.0	0.0	0.0	0.0078125	0.0018576726469334195	6274.0	3031.9999999999995	0.0	775.75	3031.9999999999995	0.0	775.75	3031.9999999999995	0.0	775.75	3031.9999999999995	85.45882352941176	765.1918604651163	3031.9999999999995	20.260019402922115	773.2245413303682
18035	1537	0.0	0.0	0.0	0.0078125	0.0008046214325976561	16498.0	16498.0	0.0	1127.1875	16498.0	0.0	1127.1875	16498.0	0.0	1127.1875	16498.0	76.75294117647059	1117.7049418604652	16498.0	7.877194419129848	1126.20403814706
4038	14003	0.0	0.0	0.0	0.0078125	0.0037579531484160556	10013.0	9964.999999999998	0.0	875.1875	9964.999999999998	0.0	875.1875	9964.999999999998	0.0	875.1875	9964.999999999998	70.74901960784314	866.4467054263566	9964.999999999998	33.96243098751573	870.9660370132113
9587	19025	0.0	0.0	0.0	0.0078125	0.001484029270197121	10968.0	9438.0	0.0	1189.0625	9438.0	0.0	1189.0625	9438.0	0.0	1189.0625	9438.0	112.20392156862745	1175.2000968992247	9438.0	21.246287795926104	1186.4126171612652
20029	5402	0.0	0.0	0.0	0.0078125	0.0022649855960714654	14667.0	14627.0	0.0	1251.8125	14627.0	0.0	1251.8125	14627.0	0.0	1251.8125	14627.0	99.72941176470587	1239.4912790697674	14627.0	28.833077599573443	1248.2205825978222
3778	10739	0.0	0.0	0.0	0.0078125	0.001259120233334647	7251.0	6961.0	0.0	671.1875	6961.0	0.0	671.1875	6961.0	0.0	671.1875	6961.0	56.929411764705875	664.1540697674419	6961.0	9.145081592293712	670.0465211029077
10656	11514	0.0	0.0	0.0	0.0078125	0.001862825529050757	5907.0	858.0	0.0	719.625	858.0	0.0	719.625	858.0	0.0	719.625	858.0	86.94117647058823	708.8837209302326	858.0	20.668672054504995	717.0486217195424
2030	1946	0.0	0.0	0.0	0.0078125	-0.000550507038927849	1062.0	83.99999999999994	0.0	126.875	83.99999999999994	0.0	126.875	83.99999999999994	0.0	126.875	83.99999999999994	15.592156862745098	124.94864341085271	83.99999999999994	-1.0941068366311115	127.01187635056802
2053	1972	0.025950668036998973	0.0078125	0.0234375	0.0078125	0.03474315983076757	405.0	80.9999999999999	52.912273851360155	121.94941147007263	80.9999999999999	15.784313725490197	126.3624031007752	80.9999999999999	47.72727272727273	122.55152671755725	80.9999999999999	15.784313725490197	126.3624031007752	80.9999999999999	71.15671369793958	119.86588591814717
13076	2662	0.0	0.0	0.0	0.0078125	-0.0008168223499671132	10414.0	10414.0	0.0	817.25	10414.0	0.0	817.25	10414.0	0.0	817.25	10414.0	61.71764705882354	809.625	10414.0	-6.424951050083637	818.0541036938553
6329	18732	0.0	0.0	0.0	0.0078125	0.003560483162284548	12665.0	12403.000000000002	0.0	1170.75	12403.000000000002	0.0	1170.75	12403.000000000002	0.0	1170.75	12403.000000000002	98.27843137254901	1158.6080426356589	12403.000000000002	44.69420073959908	1165.1929564767706
7218	324	0.0	0.0	0.0	0.0078125	-0.003537431484515541	6894.0	6894.0	0.0	451.125	6894.0	0.0	451.125	6894.0	0.0	451.125	6894.0	29.576470588235296	447.47093023255815	6894.0	-13.316101729353894	452.79837621973866
20541	6003	0.00011319046181708421	0.0	0.0	0.0078125	-0.0011386676396261928	14601.0	14538.0	1.5023488350155645	1283.6247382766817	14538.0	0.0	1283.8125	14538.0	0.0	1283.8125	14538.0	104.09411764705882	1270.952034883721	14538.0	-15.103797810217856	1285.703703065871
1648	2895	0.0	0.0	0.0	0.0078125	-0.00023395594761608786	1604.0	1247.0	0.0	180.9375	1247.0	0.0	180.9375	1247.0	0.0	180.9375	1247.0	17.815686274509805	178.73643410852713	1247.0	-0.5313687765671159	181.0039444119416
14262	407	0.0	0.0	0.0	0.0078125	-0.0009887681020976614	13855.0	13855.0	0.0	891.375	13855.0	0.0	891.375	13855.0	0.0	891.375	13855.0	57.52549019607842	884.2679263565891	13855.0	-7.248536084201816	892.2824121758193
4037	5563	0.0	0.0	0.0	0.0078125	0.0013778651230338735	2870.0	1526.0000000000002	0.0	347.6875	1526.0000000000002	0.0	347.6875	1526.0000000000002	0.0	347.6875	1526.0000000000002	37.64705882352941	343.0363372093023	1526.0000000000002	6.618312161312804	346.8619184661814
17167	3055	0.0	0.0	0.0	0.0078125	-0.0026566788386124533	14112.0	14112.0	0.0	1072.9375	14112.0	0.0	1072.9375	14112.0	0.0	1072.9375	14112.0	79.30196078431374	1063.140019379845	14112.0	-26.826045643318388	1076.304154085818
3135	16183	0.0	0.0	0.0	0.0078125	0.002141644350384005	13048.0	13048.000000000002	0.0	1011.4375	13048.000000000002	0.0	1011.4375	13048.000000000002	0.0	1011.4375	13048.000000000002	75.75686274509803	1002.078003875969	13048.000000000002	20.708317706169794	1008.8572581129151
10722	8692	0.0	0.0	0.0	0.0078125	-0.0019086497471053193	5363.0	2029.9999999999998	0.0	670.125	2029.9999999999998	0.0	670.125	2029.9999999999998	0.0	670.125	2029.9999999999998	76.13333333333333	660.718992248062	2029.9999999999998	-18.509598924498203	672.4453365967526
3484	2508	0.0	0.0	0.0	0.0078125	-0.0007808717624068137	1773.0	976.0	0.0	217.75	976.0	0.0	217.75	976.0	0.0	217.75	976.0	23.498039215686276	214.8468992248062	976.0	-2.338578735121603	218.0426650088626
4614	9146	0.0006571741511500548	0.0	0.0	0.0078125	-0.0009908416667176875	5288.0	4532.0	4.522844308096856	571.0602014010508	4532.0	0.0	571.625	4532.0	0.0	571.625	4532.0	53.96078431372548	564.9583333333334	4532.0	-6.813615060166396	572.4779689905935
11902	15152	0.0	0.0	0.0	0.0078125	-0.0015226564757728075	7586.0	3249.9999999999995	0.0	947.0	3249.9999999999995	0.0	947.0	3249.9999999999995	0.0	947.0	3249.9999999999995	106.09411764705882	933.8924418604652	3249.9999999999995	-20.581305019095176	949.5785480112999
5703	20165	0.0	0.0	0.0	0.0078125	-0.0007376427328434923	14520.0	14461.999999999998	0.0	1260.3125	14461.999999999998	0.0	1260.3125	14461.999999999998	0.0	1260.3125	14461.999999999998	101.44313725490197	1247.7795542635658	14461.999999999998	-9.537153600574992	1261.5059642385472
8862	14906	4.213187276174426e-05	0.0	0.0	0.0078125	-2.7519992188063743e-05	7979.0	6044.000000000001	0.5007057237354905	931.5624157398046	6044.000000000001	0.0	931.625	6044.000000000001	0.0	931.625	6044.000000000001	93.2078431372549	920.109496124031	6044.000000000001	-0.32704308705134916	931.6658820734698
15152	33959	0.0	0.0	0.0	0.0078125	0.0015777556516098803	20533.0	18807.000000000004	0.0	2122.4375	18807.000000000004	0.0	2122.4375	18807.000000000004	0.0	2122.4375	18807.000000000004	192.59215686274507	2098.6434108527133	18807.000000000004	38.773166194153234	2117.602306391155
19360	10402	0.0	0.0	0.0	0.0078125	-0.0003728811109873028	11296.0	8958.0	0.0	1210.0	8958.0	0.0	1210.0	8958.0	0.0	1210.0	8958.0	116.71372549019607	1195.5804263565892	8958.0	-5.547809475921588	1210.693864205431
13627	17042	0.0	0.0	0.0	0.0078125	0.0007862112899100342	8513.0	3414.9999999999995	0.0	1065.125	3414.9999999999995	0.0	1065.125	3414.9999999999995	0.0	1065.125	3414.9999999999995	120.27058823529411	1050.265988372093	3414.9999999999995	12.060898232303765	1063.6191642769056
21945	8949	6.494982625921475e-05	0.0	0.0	0.0078125	0.0015647089853306731	13757.0	12996.0	1.0033125487139516	1371.4370981490501	12996.0	0.0	1371.5625	12996.0	0.0	1371.5625	12996.0	121.15294117647058	1356.594476744186	12996.0	24.188984056752716	1368.545962541216
3733	4085	0.0	0.0	0.0	0.0078125	0.008651335104100991	2188.0	351.99999999999994	0.0	255.3125	351.99999999999994	0.0	255.3125	351.99999999999994	0.0	255.3125	351.99999999999994	30.658823529411762	251.5247093023256	351.99999999999994	33.96499017784881	251.12149913764046
15025	1446	0.0	0.0	0.0	0.0078125	-0.0012713858131611425	13579.0	13579.0	0.0	939.0625	13579.0	0.0	939.0625	13579.0	0.0	939.0625	13579.0	64.5921568627451	931.0823643410853	13579.0	-10.463846071565346	940.3729783566271
3134	3046	0.0	0.0	0.0	0.0078125	-0.0005641984307388425	1598.0	87.99999999999991	0.0	195.875	87.99999999999991	0.0	195.875	87.99999999999991	0.0	195.875	87.99999999999991	24.235294117647058	192.88081395348837	87.99999999999991	-1.7428814854834866	196.0930446643303
4927	7755	0.0	0.0	0.0	0.0078125	0.00011451751694203734	4123.0	2828.0	0.0	484.6875	2828.0	0.0	484.6875	2828.0	0.0	484.6875	2828.0	49.733333333333334	478.54312015503876	2828.0	0.726197156077021	484.59674094663524
3351	1406	0.0	0.0	0.0	0.0078125	-0.004871355520445107	2077.0	1945.0	0.0	209.4375	1945.0	0.0	209.4375	1945.0	0.0	209.4375	1945.0	18.65490196078431	207.1327519379845	1945.0	-11.558366648787736	210.89290468180354
16146	1895	0.0	0.0	0.0	0.0078125	0.0014418328490237366	14251.0	14251.0	0.0	1009.125	14251.0	0.0	1009.125	14251.0	0.0	1009.125	14251.0	70.74901960784314	1000.3842054263566	14251.0	13.015436256388034	1007.5015840426277
17739	354	0.0	0.0	0.0	0.0078125	-0.004579658027365146	17385.0	17385.0	0.0	1108.6875	17385.0	0.0	1108.6875	17385.0	0.0	1108.6875	17385.0	70.95294117647059	1099.921511627907	17385.0	-41.33522574535994	1113.8900604909852
23191	3330	0.0	0.0	0.0	0.0078125	-0.0007155400100307082	19861.0	19861.0	0.0	1449.4375	19861.0	0.0	1449.4375	19861.0	0.0	1449.4375	19861.0	104.00392156862745	1436.5881782945737	19861.0	-9.485024845625617	1450.6244015634331
8094	10043	0.0	0.0	0.0	0.0078125	-0.0031221280512232497	5065.0	1948.9999999999998	0.0	627.6875	1948.9999999999998	0.0	627.6875	1948.9999999999998	0.0	627.6875	1948.9999999999998	71.12549019607843	618.9001937984497	1948.9999999999998	-28.268888687344205	631.2377114939578
2154	5881	0.0	0.0	0.0	0.0078125	0.0032067332260687035	3843.0	3727.0	0.0	367.5625	3727.0	0.0	367.5625	3727.0	0.0	367.5625	3727.0	31.50980392156863	363.66957364341084	3727.0	12.903740161889862	365.957266214549
18063	3559	0.0	0.0	0.0	0.0078125	-0.00025216407912429135	14504.0	14504.0	0.0	1128.9375	14504.0	0.0	1128.9375	14504.0	0.0	1128.9375	14504.0	84.79215686274509	1118.4617248062016	14504.0	-2.7258021847138223	1129.278354183608
22281	5655	3.583844031107766e-05	0.0	0.0	0.0078125	-0.001271790807840461	16630.0	16626.0	0.5006003046322015	1392.499928325688	16626.0	0.0	1392.5625	16626.0	0.0	1392.5625	16626.0	109.55294117647058	1379.0276162790697	16626.0	-17.75308489882299	1394.7858744176363
2319	16286	0.0	0.0	0.0	0.0078125	0.0047836889641810374	13967.0	13967.0	0.0	1017.875	13967.0	0.0	1017.875	13967.0	0.0	1017.875	13967.0	72.96078431372548	1008.8609496124031	13967.0	44.606959499235174	1012.338949420401
28266	5451	0.0	0.0	0.0	0.0078125	0.0015076716999666425	22815.0	22815.0	0.0	1766.625	22815.0	0.0	1766.625	22815.0	0.0	1766.625	22815.0	132.2235294117647	1750.2892441860465	22815.0	25.43625811714578	1763.4526474469305
7677	14784	0.0	0.0	0.0	0.0078125	0.002517188313067813	8418.0	7107.0	0.0	924.0	7107.0	0.0	924.0	7107.0	0.0	924.0	7107.0	88.08235294117647	913.1177325581396	7107.0	28.304907741392622	920.4752121360785
3223	1100	0.0	0.0	0.0	0.0078125	-0.003373747923391986	2189.0	2123.0	0.0	201.4375	2123.0	0.0	201.4375	2123.0	0.0	201.4375	2123.0	16.95294117647059	199.34302325581396	2123.0	-7.28007556649947	202.35213024895455
238	2961	0.0	0.0	0.0	0.0078125	0.0011291842896240982	2723.0	2723.0	0.0	185.0625	2723.0	0.0	185.0625	2723.0	0.0	185.0625	2723.0	12.545098039215684	183.5125968992248	2723.0	1.8071505742724716	184.83698836029393
9606	15331	4.017354973485457e-05	0.0	0.0	0.0078125	0.0007172971514297645	8102.0	5724.999999999999	0.5009139666151097	958.1248895271764	5724.999999999999	0.0	958.1875	5724.999999999999	0.0	958.1875	5724.999999999999	97.7921568627451	946.1056201550388	5724.999999999999	8.946828299828917	957.0703488877353
8197	3482	0.0	0.0	0.0	0.0078125	0.0022911671477342	5076.0	4715.0	0.0	512.3125	4715.0	0.0	512.3125	4715.0	0.0	512.3125	4715.0	45.800000000000004	506.65406976744185	4715.0	13.394615210357118	510.64391418909395
13506	12860	0.0	0.0	0.0	0.0078125	0.005047416294665846	6899.0	645.9999999999995	0.0	844.125	645.9999999999995	0.0	844.125	645.9999999999995	0.0	844.125	645.9999999999995	103.39607843137254	831.3507751937984	645.9999999999995	66.70844165026853	835.8492599784626
1783	10018	0.0	0.0	0.0	0.0078125	0.0031392223116926883	8235.0	8235.0	0.0	626.125	8235.0	0.0	626.125	8235.0	0.0	626.125	8235.0	46.27843137254902	620.4074612403101	8235.0	18.552100834577043	623.8168730672976
1455	15589	0.0	0.0	0.0	0.0078125	0.0023796527682505664	14134.0	14134.0	0.0	974.3125	14134.0	0.0	974.3125	14134.0	0.0	974.3125	14134.0	66.83921568627451	966.0547480620155	14134.0	20.303558600746126	971.7835928096174
12714	11047	0.0	0.0	0.0	0.0078125	-0.0016155673729123425	6331.0	1667.0000000000005	0.0	794.625	1667.0000000000005	0.0	794.625	1667.0000000000005	0.0	794.625	1667.0000000000005	93.18039215686275	783.1128875968992	1667.0000000000005	-19.178256291318284	797.0281008931324
15021	2987	0.0	0.0	0.0	0.0078125	0.0008757952106986534	12034.0	12034.0	0.0	938.8125	12034.0	0.0	938.8125	12034.0	0.0	938.8125	12034.0	70.61960784313725	930.0876937984497	12034.0	7.889114701566816	937.8276550128818
4755	4981	0.0	0.0	0.0	0.0078125	-0.007912488590814299	2558.0	226.0000000000002	0.0	311.3125	226.0000000000002	0.0	311.3125	226.0000000000002	0.0	311.3125	226.0000000000002	38.180392156862744	306.5954457364341	226.0000000000002	-38.36620836709528	316.16564979993194
2067	9259	0.0	0.0	0.0	0.0078125	-0.0006352281566445896	7201.0	7192.0	0.0	578.6875	7192.0	0.0	578.6875	7192.0	0.0	578.6875	7192.0	44.4156862745098	573.2000968992248	7192.0	-3.5961548616664176	579.1374479509923
1980	3846	0.008005569091541943	0.015625	0.015625	0.0078125	0.006569387583040181	2082.0	1866.0	23.413943735802903	237.4831232734807	1866.0	45.8740157480315	234.77307692307693	1866.0	45.8740157480315	234.77307692307693	1866.0	22.847058823529412	237.55232558139534	1866.0	19.199691135668484	237.99853367469447
349	2625	0.0	0.0	0.0	0.0078125	-0.010743305377658899	2276.0	2276.0	0.0	164.0625	2276.0	0.0	164.0625	2276.0	0.0	164.0625	2276.0	11.662745098039217	162.62160852713177	2276.0	-15.889939858412998	166.08109830509883
9610	18140	3.610629693818602e-05	0.0	0.0	0.0078125	-0.00017828723640540421	10563.0	8530.0	0.5009839143543175	1133.6873804022096	8530.0	0.0	1133.75	8530.0	0.0	1133.75	8530.0	108.82352941176471	1120.3052325581396	8530.0	-2.47351490705649	1134.0592720649024
19805	2085	0.0	0.0	0.0	0.0078125	0.001134607147069452	17720.0	17720.0	0.0	1237.8125	17720.0	0.0	1237.8125	17720.0	0.0	1237.8125	17720.0	85.84313725490196	1227.2068798449613	17720.0	12.42532415547088	1236.261974833851
18625	2055	0.0	0.0	0.0	0.0078125	0.001039764735249047	16570.0	16570.0	0.0	1164.0625	16570.0	0.0	1164.0625	16570.0	0.0	1164.0625	16570.0	81.09803921568627	1154.0431201550387	16570.0	10.756759612130267	1162.7199999638851
8061	3905	0.023948497854077253	0.015625	0.03125	0.0078125	0.02819018302872259	4537.0	4155.999999999999	145.02037270318405	486.3209143683461	4155.999999999999	94.22047244094489	492.3067307692308	4155.999999999999	189.93650793650795	481.1496212121212	4155.999999999999	46.92549019607843	498.01501937984494	4155.999999999999	171.07315686247452	483.30779816507015
2619	2579	0.0	0.0	0.0	0.0078125	-0.0035378396708221705	1348.0	40.00000000000005	0.0	163.6875	40.00000000000005	0.0	163.6875	40.00000000000005	0.0	163.6875	40.00000000000005	20.384313725490195	161.16908914728683	40.00000000000005	-9.178609080802305	164.84093633588523
4169	5774	0.0	0.0	0.0	0.0078125	0.0017262367215392675	2958.0	1605.0	0.0	360.875	1605.0	0.0	360.875	1605.0	0.0	360.875	1605.0	38.9921568627451	356.05765503875966	1605.0	8.58939952957443	359.80410039358406
5075	12098	0.0	0.0	0.0	0.0078125	0.0015269678507307967	7546.0	7023.0	0.0	756.125	7023.0	0.0	756.125	7023.0	0.0	756.125	7023.0	67.34509803921569	747.8047480620155	7023.0	13.121327372828597	754.4885850716984
21117	1857	0.0	0.0	0.0	0.0078125	0.0009489773776808371	19260.0	19260.0	0.0	1319.8125	19260.0	0.0	1319.8125	19260.0	0.0	1319.8125	19260.0	90.09411764705882	1308.6816860465117	19260.0	10.906077948045734	1318.4511789706833
1799	14861	0.0	0.0	0.0	0.0078125	0.0027889917141810964	13062.0	13062.0	0.0	928.8125	13062.0	0.0	928.8125	13062.0	0.0	928.8125	13062.0	65.33333333333333	920.7407945736434	13062.0	23.264743567649894	925.9165391883174
2689	8100	0.0	0.0	0.0	0.0078125	0.0019131829384091159	5502.0	5411.0	0.0	506.25	5411.0	0.0	506.25	5411.0	0.0	506.25	5411.0	42.30980392156863	501.02277131782944	5411.0	10.330547474834617	504.96238028191976
6775	7264	0.0	0.0	0.0	0.0078125	-0.00016209725129275027	3718.0	489.0000000000001	0.0	454.0	489.0000000000001	0.0	454.0	489.0000000000001	0.0	454.0	489.0000000000001	55.05490196078431	447.1981589147287	489.0000000000001	-1.1377494424208223	454.1422532657946
1649	13632	0.0	0.0	0.0	0.0078125	0.0011388019233333953	11983.0	11983.0	0.0	852.0	11983.0	0.0	852.0	11983.0	0.0	852.0	11983.0	59.925490196078435	844.5964147286821	11983.0	8.70597328478941	850.9136101709232
3475	21349	0.0	0.0	0.0	0.0078125	0.0008181619712170085	17874.0	17874.0	0.0	1334.3125	17874.0	0.0	1334.3125	17874.0	0.0	1334.3125	17874.0	97.34901960784313	1322.2853682170542	17874.0	10.159182315059931	1333.0441594096942
20787	8659	0.0	0.0	0.0	0.0078125	-0.00011468722624917557	12945.0	12128.000000000002	0.0	1299.1875	12128.000000000002	0.0	1299.1875	12128.000000000002	0.0	1299.1875	12128.000000000002	115.47450980392156	1284.921027131783	12128.000000000002	-1.6884432106323586	1299.3985917135315
11616	20934	0.0	0.0	0.0	0.0078125	-0.0020369497581316487	11537.0	9318.0	0.0	1308.375	9318.0	0.0	1308.375	9318.0	0.0	1308.375	9318.0	127.64705882352943	1292.6046511627908	9318.0	-33.11762784158169	1312.527377849255
11443	10452	0.0	0.0	0.0	0.0078125	0.000716970119880548	5853.0	990.9999999999997	0.0	715.1875	990.9999999999997	0.0	715.1875	990.9999999999997	0.0	715.1875	990.9999999999997	85.86274509803923	704.5794573643411	990.9999999999997	7.851845156573896	714.2070741376241
9544	1250	0.0	0.0	0.0	0.0078125	-0.00011217864555111243	8294.0	8294.0	0.0	596.5	8294.0	0.0	596.5	8294.0	0.0	596.5	8294.0	42.32941176470588	591.2703488372093	8294.0	-0.6053941938890063	596.575687009221
6570	8116	0.0	0.0	0.0	0.0078125	0.0015763853381141509	4052.0	1545.9999999999998	0.0	507.25	1545.9999999999998	0.0	507.25	1545.9999999999998	0.0	507.25	1545.9999999999998	57.59215686274509	500.1346899224806	1545.9999999999998	11.584528378114321	505.8053526287133
6469	3381	0.0	0.0	0.0	0.0078125	-8.776218478667083e-05	3690.0	3088.0000000000005	0.0	404.3125	3088.0000000000005	0.0	404.3125	3088.0000000000005	0.0	404.3125	3088.0000000000005	38.627450980392155	399.54021317829455	3088.0000000000005	-0.4322097942364396	404.366533337093
2750	11830	0.0001378169790518192	0.0	0.0	0.0078125	0.0031808334181508053	9080.0	9080.0	1.0047550134380816	739.2494315832989	9080.0	0.0	739.375	9080.0	0.0	739.375	9080.0	57.17647058823529	732.3110465116279	9080.0	23.225213385759925	736.4856560694408
6889	20455	0.0	0.0	0.0	0.0078125	-0.00038102665795404587	13853.0	13565.999999999998	0.0	1278.4375	13565.999999999998	0.0	1278.4375	13565.999999999998	0.0	1278.4375	13565.999999999998	107.23137254901961	1265.1894379844962	13565.999999999998	-5.208404197125463	1279.0889227678838
10286	3889	0.0	0.0	0.0	0.0078125	-0.0014632256809594445	6654.0	6397.0	0.0	642.875	6397.0	0.0	642.875	6397.0	0.0	642.875	6397.0	55.588235294117645	636.0072674418604	6397.0	-10.363030287775244	644.1732260994935
20857	12740	0.0	0.0	0.0	0.0078125	-0.002357249529880557	11075.0	8117.000000000001	0.0	1303.5625	8117.000000000001	0.0	1303.5625	8117.000000000001	0.0	1303.5625	8117.000000000001	131.75294117647059	1287.2848837209303	8117.000000000001	-39.551639685671006	1308.5239774688935
23276	7760	3.328783995206551e-05	0.0	0.0	0.0078125	-0.00085469859395562	16795.0	15515.999999999998	0.5165692981142125	1454.6854320617801	15515.999999999998	0.0	1454.75	15515.999999999998	0.0	1454.75	15515.999999999998	121.70980392156864	1439.7131782945737	15515.999999999998	-13.257547177537342	1456.409319815939
709	9648	0.0	0.0	0.0	0.0078125	0.0005179057051451145	8939.0	8939.0	0.0	603.0	8939.0	0.0	603.0	8939.0	0.0	603.0	8939.0	40.615686274509805	597.9820736434109	8939.0	2.6826693789821725	602.664926699612
2183	15311	0.0	0.0	0.0	0.0078125	-1.4928963325439522e-06	13128.0	13127.999999999998	0.0	956.9375	13127.999999999998	0.0	956.9375	13127.999999999998	0.0	956.9375	13127.999999999998	68.60392156862746	948.4617248062016	13127.999999999998	-0.013058354473377201	956.9391322979644
13415	1596	6.67779632721202e-05	0.0	0.0	0.0078125	0.0028999122780641517	11819.0	11819.0	0.5012187385221544	838.3748539329595	11819.0	0.0	838.4375	11819.0	0.0	838.4375	11819.0	58.866666666666674	831.1647286821706	11819.0	21.796896146389795	835.7247054159458
10200	15385	0.0	0.0	0.0	0.0078125	-0.0008677470869110853	7940.0	5185.0	0.0	961.5625	5185.0	0.0	961.5625	5185.0	0.0	961.5625	5185.0	100.33333333333334	949.1666666666666	5185.0	-11.095840417710411	962.951286941987
15069	6786	0.0	0.0	0.0	0.0078125	-0.00202856525553452	9115.0	8283.0	0.0	941.8125	8283.0	0.0	941.8125	8283.0	0.0	941.8125	8283.0	85.70588235294117	931.2238372093024	8283.0	-22.144685859688625	944.589025717333
10622	6227	0.0	0.0	0.0	0.0078125	-0.0032164570031327946	5763.0	4394.999999999999	0.0	663.875	4394.999999999999	0.0	663.875	4394.999999999999	0.0	663.875	4394.999999999999	66.07450980392157	655.7117248062016	4394.999999999999	-27.053533758833183	667.2730599666384
6354	4959	0.0	0.0	0.0	0.0078125	0.0003900190939775234	3158.0	1395.0000000000002	0.0	397.125	1395.0000000000002	0.0	397.125	1395.0000000000002	0.0	397.125	1395.0000000000002	44.36470588235294	391.6438953488372	1395.0000000000002	2.2065733079450407	396.8493396371694
6163	7735	0.0	0.0	0.0	0.0078125	0.002598828290500992	3857.0	1572.0000000000005	0.0	483.4375	1572.0000000000005	0.0	483.4375	1572.0000000000005	0.0	483.4375	1572.0000000000005	54.50196078431372	476.7039728682171	1572.0000000000005	18.082754778035063	481.1859441831182
9307	2943	0.0	0.0	0.0	0.0078125	-0.0016474946923616526	6442.0	6364.0	0.0	581.6875	6364.0	0.0	581.6875	6364.0	0.0	581.6875	6364.0	48.03921568627452	575.7524224806201	6364.0	-10.082599476154039	582.9509446421815
2032	1961	0.0	0.0	0.0	0.0078125	0.005575945150686845	1019.0	71.0000000000001	0.0	127.0	71.0000000000001	0.0	127.0	71.0000000000001	0.0	127.0	71.0000000000001	15.658823529411764	125.06540697674419	71.0000000000001	11.163498019670026	125.6161693521221
9515	646	0.0	0.0	0.0	0.0078125	-0.003901116061978198	8869.0	8869.0	0.0	594.6875	8869.0	0.0	594.6875	8869.0	0.0	594.6875	8869.0	39.84705882352941	589.7645348837209	8869.0	-19.78103609406567	597.1746552002102
16618	17668	0.0	0.0	0.0	0.0078125	-0.0010410073121946675	9100.0	1049.9999999999995	0.0	1104.25	1049.9999999999995	0.0	1104.25	1049.9999999999995	0.0	1104.25	1049.9999999999995	134.4549019607843	1087.6385658914728	1049.9999999999995	-17.836704283161072	1106.4830731896384
1778	29267	0.0	0.0	0.0	0.0078125	-0.00045641329615245415	27489.0	27489.0	0.0	1829.1875	27489.0	0.0	1829.1875	27489.0	0.0	1829.1875	27489.0	121.74509803921566	1814.1463178294573	27489.0	-7.083058988376604	1830.0734888007596
14279	7956	0.0	0.0	0.0	0.0078125	0.0011116847716984722	7869.0	6323.000000000001	0.0	892.4375	6323.000000000001	0.0	892.4375	6323.000000000001	0.0	892.4375	6323.000000000001	87.19607843137254	881.6647286821706	6323.000000000001	12.36602901242751	890.8943210973164
16032	1936	0.0	0.0	0.0	0.0078125	-0.0018572115259184252	14096.0	14096.0	0.0	1002.0	14096.0	0.0	1002.0	14096.0	0.0	1002.0	14096.0	70.4627450980392	993.2945736434109	14096.0	-16.669708761228602	1004.0895292413973
3601	7417	0.0	0.0	0.0	0.0078125	0.0065089279853080525	4344.0	3816.0	0.0	463.5625	3816.0	0.0	463.5625	3816.0	0.0	463.5625	3816.0	43.2078431372549	458.22432170542635	3816.0	35.97476284137358	459.10927518573567
21295	3227	0.0	0.0	0.0	0.0078125	-0.0011150723664441003	18068.0	18068.0	0.0	1330.9375	18068.0	0.0	1330.9375	18068.0	0.0	1330.9375	18068.0	96.16470588235295	1319.0566860465117	18068.0	-13.664283952249914	1332.64839555798
1727	1752	0.06224961479198767	0.015625	0.0703125	0.0078125	0.06428008510366856	234.0	24.999999999999936	111.76176844783717	96.75779663475484	24.999999999999936	27.393700787401574	106.1548076923077	24.999999999999936	126.76518218623481	95.21578467153284	24.999999999999936	13.64313725490196	107.81443798449612	24.999999999999936	115.52829226724134	96.36727187668131
17795	1720	0.0	0.0	0.0	0.0078125	-0.0008988713476511924	16075.0	16075.0	0.0	1112.1875	16075.0	0.0	1112.1875	16075.0	0.0	1112.1875	16075.0	76.5294117647059	1102.7325581395348	16075.0	-8.766797063361047	1113.2848285039895
2802	9318	0.0	0.0	0.0	0.0078125	0.0023486623626974732	6568.0	6516.0	0.0	582.375	6516.0	0.0	582.375	6516.0	0.0	582.375	6516.0	47.52941176470588	576.5029069767442	6516.0	14.249627700077497	580.6000570020718
11214	5423	0.0	0.0	0.0	0.0078125	0.0016862638069621613	6571.0	5791.0	0.0	700.875	5791.0	0.0	700.875	5791.0	0.0	700.875	5791.0	65.24313725490195	692.8144379844962	5791.0	14.039022225746946	699.124553529752
26784	2176	0.0	0.0	0.0	0.0078125	0.0012208759331548019	24608.0	24608.0	0.0	1674.0	24608.0	0.0	1674.0	24608.0	0.0	1674.0	24608.0	113.56862745098037	1659.968992248062	24608.0	17.6890815990835	1671.7929091450967
3400	3998	0.0	0.0	0.0	0.0078125	0.008329422397173774	2017.0	598.0000000000002	0.0	249.875	598.0000000000002	0.0	249.875	598.0000000000002	0.0	249.875	598.0000000000002	29.011764705882353	246.2906976744186	598.0000000000002	30.939387058907435	246.0554975682082
3808	12235	0.0	0.0	0.0	0.0078125	-0.0014502724762600011	8503.0	8427.0	0.0	764.6875	8427.0	0.0	764.6875	8427.0	0.0	764.6875	8427.0	62.91372549019608	756.9147286821706	8427.0	-11.624931009578793	766.1437820893718
11962	567	0.0	0.0	0.0	0.0078125	-0.0005837109006467472	11395.0	11395.0	0.0	747.625	11395.0	0.0	747.625	11395.0	0.0	747.625	11395.0	49.13333333333334	741.5547480620155	11395.0	-3.6555900332262032	748.0823490767793
3447	9563	0.0	0.0	0.0	0.0078125	-0.0021644771295033006	6304.0	6116.0	0.0	597.6875	6116.0	0.0	597.6875	6116.0	0.0	597.6875	6116.0	51.019607843137244	591.3842054263566	6116.0	-14.064702364118764	599.4513081884121
4619	9313	0.0	0.0	0.0	0.0078125	-0.0005072620891504499	5403.0	4694.0	0.0	582.0625	4694.0	0.0	582.0625	4694.0	0.0	582.0625	4694.0	54.635294117647064	575.3125	4694.0	-3.5326917127327713	582.5044226347267
24333	7691	0.0	0.0	0.0	0.0078125	-0.0008809328376601766	16854.0	16642.0	0.0	1520.8125	16642.0	0.0	1520.8125	16642.0	0.0	1520.8125	16642.0	125.5843137254902	1505.296996124031	16642.0	-14.099286334454952	1522.5772416934847
1293	30484	0.0	0.0	0.0	0.0078125	0.00019314532149154954	29191.0	29191.0	0.0	1905.25	29191.0	0.0	1905.25	29191.0	0.0	1905.25	29191.0	124.61568627450981	1889.8541666666667	29191.0	3.069085830303175	1904.866475395918
484	19103	0.0	0.0	0.0	0.0078125	0.0003130951861603513	18619.0	18619.0	0.0	1193.9375	18619.0	0.0	1193.9375	18619.0	0.0	1193.9375	18619.0	76.81176470588237	1184.4476744186047	18619.0	3.0667778023448693	1193.5543327546125
3268	309	0.0	0.0	0.0	0.0078125	-0.00801366164975589	2959.0	2959.0	0.0	204.25	2959.0	0.0	204.25	2959.0	0.0	204.25	2959.0	14.027450980392159	202.5169573643411	2959.0	-14.275235407325946	206.05602712286648
565	11023	0.0	0.0	0.0	0.0078125	-0.0017149196163466123	10458.0	10458.0	0.0	688.9375	10458.0	0.0	688.9375	10458.0	0.0	688.9375	10458.0	45.44313725490197	683.3231589147287	10458.0	-9.927731626256428	690.1816641736865
24136	1172	0.0	0.0	0.0	0.0078125	-0.0028794129522058446	22964.0	22964.0	0.0	1508.5	22964.0	0.0	1508.5	22964.0	0.0	1508.5	22964.0	99.24705882352941	1496.2383720930231	22964.0	-36.38370963482685	1513.0676636269604
1876	1795	0.0	0.0	0.0	0.0078125	0.0031727237883494917	980.0	81.00000000000001	0.0	117.25	81.00000000000001	0.0	117.25	81.00000000000001	0.0	117.25	81.00000000000001	14.39607843137255	115.47141472868218	81.00000000000001	5.832787425223688	116.52436043970528
4300	19062	0.0	0.0	0.0	0.0078125	0.0003196268114575514	14762.0	14762.0	0.0	1191.375	14762.0	0.0	1191.375	14762.0	0.0	1191.375	14762.0	91.61568627450978	1180.0562015503876	14762.0	3.7341575530717415	1190.9084540225235
2887	4261	0.0	0.0	0.0	0.0078125	0.0028459666795411735	2200.0	1373.9999999999998	0.0	266.3125	1373.9999999999998	0.0	266.3125	1373.9999999999998	0.0	266.3125	1373.9999999999998	28.03137254901961	262.84932170542635	1373.9999999999998	10.185979391653722	265.0446725805063
20721	21053	0.0	0.0	0.0	0.0078125	-0.0003449075341493122	10863.0	331.99999999999955	0.0	1315.8125	331.99999999999955	0.0	1315.8125	331.99999999999955	0.0	1315.8125	331.99999999999955	163.81960784313725	1295.5731589147288	331.99999999999955	-7.20284150862488	1316.7133211582266
7959	3371	0.0	0.0	0.0	0.0078125	-0.003617605370447066	4928.0	4588.0	0.0	497.4375	4588.0	0.0	497.4375	4588.0	0.0	497.4375	4588.0	44.43137254901961	491.9481589147287	4588.0	-20.456732231391594	500.0085177304972
3351	5080	0.0	0.0	0.0	0.0078125	0.0003751951931744425	2680.0	1728.9999999999998	0.0	317.5	1728.9999999999998	0.0	317.5	1728.9999999999998	0.0	317.5	1728.9999999999998	33.062745098039215	313.41521317829455	1728.9999999999998	1.5819321034874407	317.30236973282285
12136	24133	0.0	0.0	0.0	0.0078125	-0.001634586187186424	14002.0	11996.999999999998	0.0	1508.3125	11996.999999999998	0.0	1508.3125	11996.999999999998	0.0	1508.3125	11996.999999999998	142.2313725490196	1490.7403100775193	11996.999999999998	-29.6181964641174	1512.0238669505945
3211	3219	0.0418498615860609	0.0078125	0.0390625	0.0078125	0.028597524816416392	545.0	7.999999999999893	137.42286902286904	185.04466239449826	7.999999999999893	25.215686274509803	198.07218992248062	7.999999999999893	128.08764940239044	186.0794172932331	7.999999999999893	25.215686274509803	198.07218992248062	7.999999999999893	93.27475585746825	190.01439292136055
20340	20152	0.0	0.0	0.0	0.0078125	-0.000599124409416506	10508.0	188.00000000000009	0.0	1271.25	188.00000000000009	0.0	1271.25	188.00000000000009	0.0	1271.25	188.00000000000009	158.7921568627451	1251.6317829457364	188.00000000000009	-12.126240229788525	1272.7671430565686
2243	8346	0.0	0.0	0.0	0.0078125	-0.00190300104303978	6121.0	6102.999999999999	0.0	521.625	6102.999999999999	0.0	521.625	6102.999999999999	0.0	521.625	6102.999999999999	41.52549019607843	516.4946705426356	6102.999999999999	-10.065861350049994	522.8868311437795
8411	22899	0.0	0.0	0.0	0.0078125	-0.0001709301193082598	15021.0	14488.0	0.0	1431.1875	14488.0	0.0	1431.1875	14488.0	0.0	1431.1875	14488.0	122.78431372549018	1416.0179263565892	14488.0	-2.675682340419967	1431.5220460612195
1411	6710	0.0	0.0	0.0	0.0078125	-0.003099312768438124	5299.0	5299.0	0.0	419.375	5299.0	0.0	419.375	5299.0	0.0	419.375	5299.0	31.84705882352941	415.4404069767442	5299.0	-12.565287618066119	420.9529856079736
5649	6808	0.0	0.0	0.0	0.0078125	-0.0072170507525756876	3418.0	1158.9999999999998	0.0	425.5	1158.9999999999998	0.0	425.5	1158.9999999999998	0.0	425.5	1158.9999999999998	48.850980392156856	419.46463178294573	1158.9999999999998	-44.78977557067266	431.15977193787586
4901	4775	0.0	0.0	0.0	0.0078125	0.001021695459122224	2519.0	126.00000000000006	0.0	306.3125	126.00000000000006	0.0	306.3125	126.00000000000006	0.0	306.3125	126.00000000000006	37.94509803921569	301.62451550387595	126.00000000000006	4.945489023072325	305.6952603020924
4028	8135	0.0005779392338177015	0.0	0.0	0.0078125	0.0053732303908999215	4716.0	4107.0	3.5157533963744476	507.9984115851143	4107.0	0.0	508.4375	4107.0	0.0	508.4375	4107.0	47.69803921568627	502.54457364341084	4107.0	32.765328451559746	504.3746679548359
476	2487	0.0	0.0	0.0	0.0078125	0.005358705291508629	2011.0	2011.0	0.0	155.4375	2011.0	0.0	155.4375	2011.0	0.0	155.4375	2011.0	11.619607843137254	154.00193798449612	2011.0	7.9602502068225505	154.4504242120766
2451	3448	0.0	0.0	0.0	0.0078125	-0.003041601500351181	1741.0	997.0	0.0	215.5	997.0	0.0	215.5	997.0	0.0	215.5	997.0	23.133333333333333	212.6419573643411	997.0	-8.957580929488485	216.6248217125693
2568	5144	0.0	0.0	0.0	0.0078125	-0.0015061081635418727	2966.0	2576.0000000000005	0.0	321.5	2576.0000000000005	0.0	321.5	2576.0000000000005	0.0	321.5	2576.0000000000005	30.24313725490196	317.76356589147287	2576.0000000000005	-5.803182967996149	322.22703913440273
5005	5044	0.0	0.0	0.0	0.0078125	0.004903321308570436	2586.0	38.99999999999986	0.0	315.25	38.99999999999986	0.0	315.25	38.99999999999986	0.0	315.25	38.99999999999986	39.4078431372549	310.3812984496124	38.99999999999986	24.697287282410024	312.1854343108809
4935	10521	6.493928177154361e-05	0.0	0.0	0.0078125	0.00401422146685882	6248.0	5586.0	0.501867064973861	657.4997727272728	5586.0	0.0	657.5625	5586.0	0.0	657.5625	5586.0	60.61176470588235	650.0741279069767	5586.0	31.08429311423561	653.7002659259444
13099	10757	0.0	0.0	0.0	0.0078125	-0.0010674610566282078	6555.0	2341.9999999999995	0.0	818.6875	2341.9999999999995	0.0	818.6875	2341.9999999999995	0.0	818.6875	2341.9999999999995	93.5529411764706	807.1293604651163	2341.9999999999995	-12.725883291049067	820.2807852053415
1881	2473	0.0	0.0	0.0	0.0078125	-0.00013124207597513875	1260.0	592.0	0.0	154.5625	592.0	0.0	154.5625	592.0	0.0	154.5625	592.0	17.07450980392157	152.453003875969	592.0	-0.2856952517789072	154.59821893775228
716	9285	0.0	0.0	0.0	0.0078125	0.0036147757641905	8569.0	8569.0	0.0	580.3125	8569.0	0.0	580.3125	8569.0	0.0	580.3125	8569.0	39.219607843137254	575.4670542635658	8569.0	18.10841513892063	578.0611772508068
13308	9193	0.0	0.0	0.0	0.0078125	-0.0010057524488667213	6771.0	4115.000000000001	0.0	831.75	4115.000000000001	0.0	831.75	4115.000000000001	0.0	831.75	4115.000000000001	88.2392156862745	820.8483527131783	4115.000000000001	-11.309530631910759	833.1658262114262
16736	2837	0.0	0.0	0.0	0.0078125	0.0022631841128474125	13899.0	13899.0	0.0	1046.0	13899.0	0.0	1046.0	13899.0	0.0	1046.0	13899.0	76.75686274509803	1036.5169573643411	13899.0	22.173742951766602	1043.2376702457668
2751	11770	0.0	0.0	0.0	0.0078125	0.001117764497862879	9019.0	9019.0	0.0	735.625	9019.0	0.0	735.625	9019.0	0.0	735.625	9019.0	56.945098039215694	728.5896317829457	9019.0	8.12006729820653	734.611691498177
928	8832	0.0	0.0	0.0	0.0078125	0.0020044540893719427	7904.0	7904.0	0.0	552.0	7904.0	0.0	552.0	7904.0	0.0	552.0	7904.0	38.274509803921575	547.2713178294574	7904.0	9.791549311664607	550.7797289827138
10488	6969	5.739539688916949e-05	0.0	0.0	0.0078125	-0.003055674804704895	5399.0	3519.0	0.500990099009901	655.4373816287878	3519.0	0.0	655.5	3519.0	0.0	655.5	3519.0	68.45882352941176	647.0421511627907	3519.0	-26.630770046336433	658.8441508290398
77	5090	0.0	0.0	0.0	0.0078125	-0.0033789420731354445	5013.0	5013.0	0.0	318.125	5013.0	0.0	318.125	5013.0	0.0	318.125	5013.0	20.26274509803922	315.6216085271318	5013.0	-8.714773488546273	319.21988666435874
8019	12548	0.0001948747929455325	0.0	0.0	0.0078125	0.0004910454990616164	6605.0	4528.999999999999	2.004190216332099	783.9995494398441	4528.999999999999	0.0	784.25	4528.999999999999	0.0	784.25	4528.999999999999	80.65490196078431	774.2853682170543	4528.999999999999	5.050906502052139	783.6191015011682
11846	19719	6.343165239454488e-05	0.0	0.0	0.0078125	0.0001256360020239961	10646.0	7873.000000000001	1.001141805956421	1232.312369180515	7873.000000000001	0.0	1232.4375	7873.000000000001	0.0	1232.4375	7873.000000000001	123.7843137254902	1217.1443798449613	7873.000000000001	1.9829747684547303	1232.1896748605166
5204	3671	0.0	0.0	0.0	0.0078125	-0.0035699574794703327	2713.0	1532.9999999999998	0.0	325.25	1532.9999999999998	0.0	325.25	1532.9999999999998	0.0	325.25	1532.9999999999998	34.803921568627445	320.95009689922483	1532.9999999999998	-15.813459625915678	327.2373053851173
4643	4033	0.0	0.0	0.0	0.0078125	-0.0017965785055584793	2325.0	609.9999999999998	0.0	290.1875	609.9999999999998	0.0	290.1875	609.9999999999998	0.0	290.1875	609.9999999999998	34.023529411764706	285.98401162790697	609.9999999999998	-7.786562971279494	291.1634480619497
3770	8185	0.0	0.0	0.0	0.0078125	-0.004316486007310446	4931.0	4415.0	0.0	511.5625	4415.0	0.0	511.5625	4415.0	0.0	511.5625	4415.0	46.882352941176464	505.7703488372093	4415.0	-25.746228491186578	514.801706377591
4423	5089	0.0	0.0	0.0	0.0078125	0.0012417630555253882	2563.0	666.0000000000002	0.0	318.0625	666.0000000000002	0.0	318.0625	666.0000000000002	0.0	318.0625	666.0000000000002	37.30196078431372	313.4539728682171	666.0000000000002	5.909494187858409	317.32518743099865
13652	5010	0.0	0.0	0.0	0.0078125	-0.0009863991204025928	8944.0	8642.0	0.0	853.25	8642.0	0.0	853.25	8642.0	0.0	853.25	8642.0	73.1843137254902	844.2083333333334	8642.0	-9.19955297699429	854.4016472579017
13919	7430	0.0	0.0	0.0	0.0078125	0.0033609404070272025	7893.0	6489.000000000001	0.0	869.9375	6489.000000000001	0.0	869.9375	6489.000000000001	0.0	869.9375	6489.000000000001	83.72156862745098	859.593992248062	6489.000000000001	35.93674901073556	865.4679770035873
2407	3919	0.0	0.0	0.0	0.0078125	-0.0018697431763914525	2101.0	1512.0	0.0	244.9375	1512.0	0.0	244.9375	1512.0	0.0	244.9375	1512.0	24.8078431372549	241.87257751937983	1512.0	-5.908474002451679	245.67813450467708
11209	9779	0.0	0.0	0.0	0.0078125	0.0020127833788239676	5606.0	1429.9999999999995	0.0	700.5625	1429.9999999999995	0.0	700.5625	1429.9999999999995	0.0	700.5625	1429.9999999999995	82.30588235294118	690.3938953488372	1429.9999999999995	21.14342734694637	697.9275350165502
3622	2583	0.0	0.0	0.0	0.0078125	0.008043980799690174	1852.0	1039.0	0.0	226.375	1039.0	0.0	226.375	1039.0	0.0	226.375	1039.0	24.333333333333332	223.36870155038758	1039.0	25.057230371037782	223.28033710502882
3641	1162	0.0	0.0	0.0	0.0078125	0.00472475018788877	2514.0	2479.0	0.0	227.5625	2479.0	0.0	227.5625	2479.0	0.0	227.5625	2479.0	18.83529411764706	225.23546511627907	2479.0	11.373355708475154	226.15085870544482
1530	1820	0.0	0.0	0.0	0.0078125	-0.001361844634216864	926.0	290.0	0.0	113.75	290.0	0.0	113.75	290.0	0.0	113.75	290.0	13.137254901960786	112.12693798449612	290.0	-2.279537574306215	114.03552506106149
1055	9495	0.0	0.0	0.0	0.0078125	-0.003525456988411957	8440.0	8440.0	0.0	593.4375	8440.0	0.0	593.4375	8440.0	0.0	593.4375	8440.0	41.372549019607845	588.3260658914729	8440.0	-18.56406221244299	595.7703224670032
5112	23478	0.0	0.0	0.0	0.0078125	0.0019486409366625253	18366.0	18366.0	0.0	1467.375	18366.0	0.0	1467.375	18366.0	0.0	1467.375	18366.0	112.11764705882354	1453.5232558139535	18366.0	27.882989156644378	1463.8997941546747
12368	11483	0.0	0.0	0.0	0.0078125	0.0008727730393997202	6376.0	885.0000000000001	0.0	773.0	885.0000000000001	0.0	773.0	885.0000000000001	0.0	773.0	885.0000000000001	93.53333333333332	761.4442829457364	885.0000000000001	10.412798886427746	771.7001026551862
21975	759	0.0	0.0	0.0	0.0078125	-0.002647625871139526	21216.0	21216.0	0.0	1373.4375	21216.0	0.0	1373.4375	21216.0	0.0	1373.4375	21216.0	89.1529411764706	1362.422965116279	21216.0	-30.05577505343868	1377.2094320746003
2309	1517	0.0	0.0	0.0	0.0078125	-0.00027353688444574473	1193.0	791.9999999999999	0.0	144.3125	791.9999999999999	0.0	144.3125	791.9999999999999	0.0	144.3125	791.9999999999999	15.003921568627451	142.45881782945736	791.9999999999999	-0.5232045020799961	144.37792740430143
6632	9696	0.0	0.0	0.0	0.0078125	0.0010123044408541857	5075.0	3064.0	0.0	606.0	3064.0	0.0	606.0	3064.0	0.0	606.0	3064.0	64.03137254901961	598.0891472868217	3064.0	8.26863864494362	604.9679880284102
16728	6200	0.0	0.0	0.0	0.0078125	-0.003109063661585159	10930.0	10528.0	0.0	1045.5	10528.0	0.0	1045.5	10528.0	0.0	1045.5	10528.0	89.91372549019607	1034.391472868217	10528.0	-35.58698471590945	1049.9691832021422
1144	7082	0.0	0.0	0.0	0.0078125	-7.175556249132242e-05	5938.0	5938.0	0.0	442.625	5938.0	0.0	442.625	5938.0	0.0	442.625	5938.0	32.258823529411764	438.63953488372096	5938.0	-0.29512004027456296	442.6618939759138
29191	2224	0.0035174111853675696	0.0	0.0	0.0078125	0.004398757112226536	26967.0	26967.0	55.347075405214945	1817.5554898352614	26967.0	0.0	1824.4375	26967.0	0.0	1824.4375	26967.0	123.19607843137254	1809.2170542635658	26967.0	69.24577501296328	1815.8386396306694
3923	4430	0.0	0.0	0.0	0.0078125	-0.002836432940237958	2267.0	507.0000000000002	0.0	276.875	507.0000000000002	0.0	276.875	507.0000000000002	0.0	276.875	507.0000000000002	32.75686274509804	272.828003875969	507.0000000000002	-11.82958526225023	278.36000739575684
5458	16275	0.0	0.0	0.0	0.0078125	0.0034806364458131894	11049.0	10817.000000000002	0.0	1017.1875	10817.000000000002	0.0	1017.1875	10817.000000000002	0.0	1017.1875	10817.000000000002	85.22745098039215	1006.6579457364342	10817.000000000002	37.888273591394594	1012.4761066550833
1628	263	0.0	0.0	0.0	0.0078125	0.007869225991643167	1365.0	1365.0	0.0	101.75	1365.0	0.0	101.75	1365.0	0.0	101.75	1365.0	7.415686274509803	100.83381782945736	1365.0	7.469743725837753	100.82721743763706
23508	1154	0.0	0.0	0.0	0.0078125	-0.0007332179278283839	22354.0	22354.0	0.0	1469.25	22354.0	0.0	1469.25	22354.0	0.0	1469.25	22354.0	96.71372549019608	1457.3013565891472	22354.0	-9.037996857388054	1470.3809930478856
4892	2390	0.0	0.0	0.0	0.0078125	-0.0018554698287103475	2847.0	2502.0	0.0	305.75	2502.0	0.0	305.75	2502.0	0.0	305.75	2502.0	28.556862745098034	302.2218992248062	2502.0	-6.749503895915557	306.59604050842904
2478	2349	0.012030392570704939	0.0078125	0.0	0.0078125	0.011151137432207529	549.0	128.99999999999997	29.211062745514386	151.2887252346194	128.99999999999997	18.929411764705883	152.53633720930233	128.99999999999997	0.0	154.875	128.99999999999997	18.929411764705883	152.53633720930233	128.99999999999997	27.06416832286118	151.5479417101559
1682	2314	0.00101010101010101	0.0	0.0	0.0078125	-0.00016298045312790706	1065.0	632.0000000000001	2.0192016169782714	144.37298183652877	632.0000000000001	0.0	144.625	632.0000000000001	0.0	144.625	632.0000000000001	15.670588235294119	142.6889534883721	632.0000000000001	-0.3256084114463384	144.66571100326644
15549	6875	0.0	0.0	0.0	0.0078125	-0.002023181920946562	9498.0	8673.999999999998	0.0	971.8125	8673.999999999998	0.0	971.8125	8673.999999999998	0.0	971.8125	8673.999999999998	87.9372549019608	960.9481589147287	8673.999999999998	-22.66099204294685	974.653737803163
17255	3224	0.0	0.0	0.0	0.0078125	0.0005246961223674576	14031.0	14031.0	0.0	1078.4375	14031.0	0.0	1078.4375	14031.0	0.0	1078.4375	14031.0	80.30980392156862	1068.515503875969	14031.0	5.374035812857818	1077.7662739465848
4095	4484	0.00023405500292568755	0.0	0.0	0.0078125	-0.0003793798215734737	2272.0	389.0000000000002	1.0040964419475655	280.124531999532	389.0000000000002	0.0	280.25	389.0000000000002	0.0	280.25	389.0000000000002	33.64313725490196	276.093507751938	389.0000000000002	-1.627041111356156	280.45349592032585
3920	4269	0.0	0.0	0.0	0.0078125	-0.0033862823820172195	2190.0	349.00000000000017	0.0	266.8125	349.00000000000017	0.0	266.8125	349.00000000000017	0.0	266.8125	349.00000000000017	32.113725490196074	262.84496124031006	349.00000000000017	-13.841697265376027	268.5515304999901
4277	5220	0.0	0.0	0.0	0.0078125	-0.004240550390327567	2612.0	942.9999999999998	0.0	326.25	942.9999999999998	0.0	326.25	942.9999999999998	0.0	326.25	942.9999999999998	37.24313725490196	321.6487403100775	942.9999999999998	-20.09364946193599	328.7777507454692
17121	5852	0.0	0.0	0.0	0.0078125	0.002313966708898579	11484.0	11269.0	0.0	1070.0625	11269.0	0.0	1070.0625	11269.0	0.0	1070.0625	11269.0	90.09019607843138	1058.9321705426357	11269.0	26.610166121024683	1066.7477479007855
15045	32676	0.0	0.0	0.0	0.0078125	0.0016126071393445527	19549.0	17631.0	0.0	2042.25	17631.0	0.0	2042.25	17631.0	0.0	2042.25	17631.0	187.14117647058825	2019.1293604651162	17631.0	38.508662320222804	2037.4480420905663
2502	11026	0.0	0.0	0.0	0.0078125	0.004578018865489067	8528.0	8524.0	0.0	689.125	8524.0	0.0	689.125	8524.0	0.0	689.125	8524.0	53.05098039215686	682.5707364341085	8524.0	31.036763049550327	685.271924501551
2714	238	0.0	0.0	0.0	0.0078125	0.009046044620820261	2476.0	2476.0	0.0	169.625	2476.0	0.0	169.625	2476.0	0.0	169.625	2476.0	11.576470588235294	168.19476744186048	2476.0	13.412627473635176	167.97096722177477
1629	2487	0.0	0.0	0.0	0.0078125	-0.004395692802399235	1315.0	857.9999999999999	0.0	155.4375	857.9999999999999	0.0	155.4375	857.9999999999999	0.0	155.4375	857.9999999999999	16.141176470588235	153.44331395348837	857.9999999999999	-9.026496933536814	156.5732845333154
17316	607	0.0	0.0	0.0	0.0078125	-0.001971607621736903	16709.0	16709.0	0.0	1082.25	16709.0	0.0	1082.25	16709.0	0.0	1082.25	16709.0	70.2862745098039	1073.5663759689924	16709.0	-17.65116112029661	1084.4629332488341
5505	135	0.0	0.0	0.0	0.0078125	-0.000247734513081893	5370.0	5370.0	0.0	344.0625	5370.0	0.0	344.0625	5370.0	0.0	344.0625	5370.0	22.11764705882353	341.3299418604651	5370.0	-0.6985248025400218	344.1498480549892
6206	14715	4.7888133320563166e-05	0.0	0.0	0.0078125	-0.003813436067300802	9105.0	8509.0	0.5009458132796974	919.6248862711296	8509.0	0.0	919.6875	8509.0	0.0	919.6875	8509.0	82.04313725490196	909.5513565891473	8509.0	-39.814532894129435	924.6928937467951
8430	6905	0.0	0.0	0.0	0.0078125	-0.0023044860203588415	4190.0	1525.0000000000002	0.0	526.875	1525.0000000000002	0.0	526.875	1525.0000000000002	0.0	526.875	1525.0000000000002	60.13725490196078	519.4452519379845	1525.0000000000002	-17.64931026671211	529.0888075085929
8826	41343	5.992928344553427e-05	0.0	0.0	0.0078125	-0.0012564373962198206	32517.0	32517.0	1.5033411576686813	2583.7495992469335	32517.0	0.0	2583.9375	32517.0	0.0	2583.9375	32517.0	196.74117647058824	2559.6308139534885	32517.0	-31.4973166622086	2587.8820941187482
2308	19702	0.0	0.0	0.0	0.0078125	-0.0006797524815810225	17394.0	17394.0	0.0	1231.375	17394.0	0.0	1231.375	17394.0	0.0	1231.375	17394.0	86.31372549019606	1220.7112403100775	17394.0	-7.4781344195844985	1232.3107205658516
3397	3915	0.0	0.0	0.0	0.0078125	0.002944472348483183	1967.0	517.9999999999999	0.0	244.6875	517.9999999999999	0.0	244.6875	517.9999999999999	0.0	244.6875	517.9999999999999	28.67450980392157	241.14486434108528	517.9999999999999	10.780862882379493	243.3458266568029
6115	1926	0.0	0.0	0.0	0.0078125	0.0011160368144988437	4239.0	4189.0	0.0	382.1875	4189.0	0.0	382.1875	4189.0	0.0	382.1875	4189.0	31.53333333333333	378.2916666666667	4189.0	4.489531253772128	381.62724701137415
24149	738	0.0	0.0	0.0	0.0078125	-0.0006244413674520996	23411.0	23411.0	0.0	1509.3125	23411.0	0.0	1509.3125	23411.0	0.0	1509.3125	23411.0	97.59607843137256	1497.2548449612402	23411.0	-7.767810884664737	1510.2843864055624
6545	5039	0.0	0.0	0.0	0.0078125	-0.0007809547014987737	3308.0	1506.0000000000002	0.0	409.0625	1506.0000000000002	0.0	409.0625	1506.0000000000002	0.0	409.0625	1506.0000000000002	45.42745098039215	403.45009689922483	1506.0000000000002	-4.521524078337438	409.62835310953136
6225	22337	0.0	0.0	0.0	0.0078125	0.001948380814333611	16166.0	16112.0	0.0	1396.0625	16112.0	0.0	1396.0625	16112.0	0.0	1396.0625	16112.0	112.00784313725491	1382.2243217054263	16112.0	27.851959521284734	1392.591160190697
1143	27611	0.0	0.0	0.0	0.0078125	0.0023268927483695375	26468.0	26468.0	0.0	1725.6875	26468.0	0.0	1725.6875	26468.0	0.0	1725.6875	26468.0	112.7607843137255	1711.7562984496124	26468.0	33.492704008349	1721.515490687801
28664	16129	2.236335987118705e-05	0.0	0.0	0.0078125	5.52610852657289e-05	15855.0	12535.0	0.5008665898849393	1791.437393776416	12535.0	0.0	1791.5	12535.0	0.0	1791.5	12535.0	175.65882352941176	1769.797965116279	12535.0	1.2376890941751801	1791.3453016867775
14690	3022	0.0	0.0	0.0	0.0078125	0.0008897894162294372	11668.0	11668.0	0.0	918.125	11668.0	0.0	918.125	11668.0	0.0	918.125	11668.0	69.45882352941176	909.5436046511628	11668.0	7.883482389724598	917.1408787768827
37777	3664	0.0	0.0	0.0	0.0078125	-6.669012434259396e-06	34113.0	34113.0	0.0	2361.0625	34113.0	0.0	2361.0625	34113.0	0.0	2361.0625	34113.0	162.51372549019607	2340.984496124031	34113.0	-0.1381848113659592	2361.079773274214
3794	1098	0.018867924528301886	0.0078125	0.0078125	0.0078125	0.01683441336252766	2716.0	2696.0	46.59047619047619	231.46296296296296	2696.0	19.184313725490195	234.7548449612403	2696.0	19.184313725490195	234.7548449612403	2696.0	19.184313725490195	234.7548449612403	2696.0	41.526512321706505	232.06309236002153
1801	8177	0.0	0.0078125	0.0	0.0078125	-0.004104421904382685	6376.0	6376.000000000001	0.0	511.0625	6376.000000000001	39.12941176470588	506.2281976744186	6376.000000000001	0.0	511.0625	6376.000000000001	39.12941176470588	506.2281976744186	6376.000000000001	-20.435023901107066	513.6326691687548
3753	2819	0.0004589261128958238	0.0	0.0078125	0.0078125	-0.004775163078260571	1874.0	934.0000000000001	1.5083773238466835	234.37408256880735	934.0000000000001	0.0	234.5625	934.0000000000001	25.77254901960784	231.37839147286823	934.0000000000001	25.77254901960784	231.37839147286823	934.0000000000001	-15.653811124705854	236.53330916957637
2740	2769	0.011449676823638042	0.0	0.0078125	0.0078125	0.01531633518543824	584.0	29.00000000000009	31.719725111441306	169.16485986854119	29.00000000000009	0.0	173.0625	29.00000000000009	21.603921568627452	170.39341085271317	29.00000000000009	21.603921568627452	170.39341085271317	29.00000000000009	42.51442788211947	167.8684481801078
2680	2628	0.014225297962322183	0.015625	0.0234375	0.0078125	0.021465074042438432	621.0	52.00000000000009	38.0243949661181	162.8469484457923	52.00000000000009	41.79527559055118	162.39615384615385	52.00000000000009	62.940711462450594	159.90267175572518	52.00000000000009	20.8156862745098	164.9282945736434	52.00000000000009	57.586354186859104	160.52860323417863
2614	6913	0.0	0.0	0.0	0.0078125	-0.0007427636752117929	4480.0	4298.999999999999	0.0	432.0625	4298.999999999999	0.0	432.0625	4298.999999999999	0.0	432.0625	4298.999999999999	37.36078431372549	427.4467054263566	4298.999999999999	-3.536841248269273	432.5050980916441
16652	8598	0.0	0.0	0.0	0.0078125	-0.002211863464319542	9516.0	8054.000000000001	0.0	1040.75	8054.000000000001	0.0	1040.75	8054.000000000001	0.0	1040.75	8054.000000000001	99.01960784313725	1028.516472868217	8054.000000000001	-27.89392745752438	1044.2483348687113
2799	9479	0.0	0.0	0.0	0.0078125	0.0004991478826462335	6713.0	6680.0	0.0	592.4375	6680.0	0.0	592.4375	6680.0	0.0	592.4375	6680.0	48.14901960784314	586.4888565891473	6680.0	3.0650338041320127	592.0546574885833
16901	1042	0.0	0.0	0.0	0.0078125	0.00038718401981552487	15859.0	15859.0	0.0	1056.3125	15859.0	0.0	1056.3125	15859.0	0.0	1056.3125	15859.0	70.36470588235294	1047.6191860465117	15859.0	3.474294029339132	1055.87846537205
10822	11936	0.0	0.0	0.0	0.0078125	-0.004545528921472168	6010.0	1114.0000000000002	0.0	746.0	1114.0000000000002	0.0	746.0	1114.0000000000002	0.0	746.0	1114.0000000000002	89.24705882352941	734.9738372093024	1114.0000000000002	-51.60628466768845	752.4949697726246
2484	5536	0.0	0.0	0.0	0.0078125	0.0001256282096917273	3336.0	3051.9999999999995	0.0	346.0	3051.9999999999995	0.0	346.0	3051.9999999999995	0.0	346.0	3051.9999999999995	31.45098039215686	342.1143410852713	3051.9999999999995	0.5038007666580048	345.93703676984984
21151	23777	0.0	0.0	0.0	0.0078125	0.003603931971142519	12028.0	2626.0	0.0	1486.0625	2626.0	0.0	1486.0625	2626.0	0.0	1486.0625	2626.0	176.18823529411765	1464.2950581395348	2626.0	81.10487602761128	1475.9789992756732
2613	158	0.0	0.0	0.0	0.0078125	0.007011635637519863	2455.0	2455.0	0.0	163.3125	2455.0	0.0	163.3125	2455.0	0.0	163.3125	2455.0	10.866666666666669	161.96996124031008	2455.0	9.748798687935437	162.10662749168068
966	11516	0.0	0.0	0.0	0.0078125	0.00029703684886790314	10550.0	10550.0	0.0	719.75	10550.0	0.0	719.75	10550.0	0.0	719.75	10550.0	48.949019607843134	713.702519379845	10550.0	1.8540823391723686	719.5183429389602
8157	5286	0.0	0.0	0.0	0.0078125	-0.0003047750064806556	4266.0	2871.0	0.0	509.8125	2871.0	0.0	509.8125	2871.0	0.0	509.8125	2871.0	52.71764705882353	503.2994186046512	2871.0	-2.048233080934469	510.0686462177226
9218	4093	0.0	0.0	0.0	0.0078125	0.006812221138645271	5609.0	5125.0	0.0	576.125	5125.0	0.0	576.125	5125.0	0.0	576.125	5125.0	52.199999999999996	569.6758720930233	5125.0	45.49369434138733	570.4960037437545
13883	15612	0.0	0.0	0.0	0.0078125	-0.0013289395179522077	7931.0	1728.9999999999995	0.0	975.75	1728.9999999999995	0.0	975.75	1728.9999999999995	0.0	975.75	1728.9999999999995	115.66666666666667	961.4597868217054	1728.9999999999995	-19.58552155421363	978.2030769335025
12745	6276	0.0	0.0	0.0	0.0078125	0.001721537922307272	7421.0	6468.999999999999	0.0	796.5625	6468.999999999999	0.0	796.5625	6468.999999999999	0.0	796.5625	6468.999999999999	74.5921568627451	787.3468992248062	6468.999999999999	16.38679165173001	794.5194314187776
5002	13810	0.0	0.0	0.0	0.0078125	0.003734541074986214	9059.0	8808.0	0.0	863.125	8808.0	0.0	863.125	8808.0	0.0	863.125	8808.0	73.77254901960784	854.0106589147287	8808.0	35.19280784454009	858.7504502667483
408	3812	0.0	0.0	0.0	0.0078125	-0.004179754622767389	3404.0	3404.0	0.0	238.25	3404.0	0.0	238.25	3404.0	0.0	238.25	3404.0	16.54901960784314	236.20542635658916	3404.0	-8.800889474805798	239.35703742655613
11897	4809	0.0	0.0	0.0	0.0078125	0.0037565778451134012	7497.0	7088.0	0.0	743.5625	7088.0	0.0	743.5625	7088.0	0.0	743.5625	7088.0	65.51372549019608	735.468507751938	7088.0	31.437743906361735	739.6548425767734
7766	549	0.0	0.0	0.0	0.0078125	0.0033164212213399576	7217.0	7217.0	0.0	485.375	7217.0	0.0	485.375	7217.0	0.0	485.375	7217.0	32.6078431372549	481.3464147286822	7217.0	13.810922646195937	483.65719431376687
15415	446	0.0	0.0	0.0	0.0078125	0.004141203889870193	14969.0	14969.0	0.0	963.4375	14969.0	0.0	963.4375	14969.0	0.0	963.4375	14969.0	62.20000000000001	955.7529069767442	14969.0	32.90996087761649	959.3492032891648
10702	4057	0.0	0.0	0.0	0.0078125	0.0007906406287348255	6903.0	6645.0	0.0	668.875	6645.0	0.0	668.875	6645.0	0.0	668.875	6645.0	57.878431372549024	661.7243217054264	6645.0	5.836839941149092	668.146259606794
18299	12907	0.0	0.0078125	0.0	0.0078125	-0.0005979806039045863	9271.0	5392.0	0.0	1143.6875	5392.0	122.37647058823528	1128.5683139534883	5392.0	0.0	1143.6875	5392.0	122.37647058823528	1128.5683139534883	5392.0	-9.327502529925376	1144.8544842542894
26598	1235	0.0	0.0	0.0	0.0078125	-0.00020163585439316806	25363.0	25363.0	0.0	1662.375	25363.0	0.0	1662.375	25363.0	0.0	1662.375	25363.0	109.14901960784313	1648.890019379845	25363.0	-2.8057824944872642	1662.7258289106449
3129	16848	0.0	0.0	0.0	0.0078125	0.00323755417949645	13719.0	13719.000000000002	0.0	1053.0	13719.000000000002	0.0	1053.0	13719.000000000002	0.0	1053.0	13719.000000000002	78.34117647058822	1043.3212209302326	13719.000000000002	32.39074331509868	1048.970756155013
11787	2802	0.0	0.0	0.0	0.0078125	0.0004207659016023194	8985.0	8985.0	0.0	736.6875	8985.0	0.0	736.6875	8985.0	0.0	736.6875	8985.0	57.21176470588235	729.6191860465116	8985.0	3.0699227286405018	736.3040017543304
3676	1185	0.0006235709831635835	0.0	0.0	0.0078125	-0.006359324194223961	2549.0	2491.0	1.5160619607027759	229.5606694017449	2491.0	0.0	229.75	2491.0	0.0	229.75	2491.0	19.06274509803922	227.39486434108528	2491.0	-15.407347295847691	231.6944072981321
10550	1807	0.0	0.0	0.0	0.0078125	-0.0023185279001926512	8743.0	8743.0	0.0	659.375	8743.0	0.0	659.375	8743.0	0.0	659.375	8743.0	48.45882352941177	653.3880813953489	8743.0	-14.308437375708428	661.1697893480961
1730	1795	0.015702239022971794	0.015625	0.0234375	0.0078125	0.0074936147661611215	390.0	65.00000000000001	27.894196951934347	108.78158101918122	65.00000000000001	27.755905511811026	108.79807692307692	65.00000000000001	41.798418972332016	107.14217557251908	65.00000000000001	13.823529411764707	110.4796511627907	65.00000000000001	13.257168080602117	110.54884246513012
1702	2952	0.0	0.0	0.0	0.0078125	-0.00472779050956582	1615.0	1250.0000000000002	0.0	184.5	1250.0000000000002	0.0	184.5	1250.0000000000002	0.0	184.5	1250.0000000000002	18.250980392156862	182.2451550387597	1250.0000000000002	-10.975623291941558	185.88172858777403
2606	16737	0.0	0.0	0.0	0.0078125	-0.0020850722416981622	14131.0	14131.0	0.0	1046.0625	14131.0	0.0	1046.0625	14131.0	0.0	1046.0625	14131.0	75.8549019607843	1036.6908914728683	14131.0	-20.14477453048938	1048.5884888925207
18278	18532	0.0	0.0	0.0	0.0078125	0.0010836385156036735	9535.0	254.00000000000006	0.0	1158.25	254.00000000000006	0.0	1158.25	254.00000000000006	0.0	1158.25	254.00000000000006	144.35294117647058	1140.4156976744187	254.00000000000006	19.95517897994983	1155.7596527762084
6621	6877	0.0	0.0	0.0	0.0078125	-0.0033399780264796253	3510.0	256.0000000000001	0.0	429.8125	256.0000000000001	0.0	429.8125	256.0000000000001	0.0	429.8125	256.0000000000001	52.93333333333334	423.27277131782944	256.0000000000001	-22.503930384214637	432.6396315197428
2343	475	0.0	0.0	0.0	0.0078125	0.008135515146113563	1870.0	1868.0	0.0	146.4375	1868.0	0.0	146.4375	1868.0	0.0	146.4375	1868.0	11.050980392156863	145.07218992248062	1868.0	11.509759753274459	145.01619543966856
15708	1909	0.0	0.0	0.0	0.0078125	0.0012998862623802613	13799.0	13799.0	0.0	981.75	13799.0	0.0	981.75	13799.0	0.0	981.75	13799.0	69.08627450980391	973.2146317829457	13799.0	11.457494862262905	980.3206020370035
17338	27580	0.0	0.0	0.0	0.0078125	0.0013724561960989307	14610.0	10242.000000000002	0.0	1723.75	10242.000000000002	0.0	1723.75	10242.000000000002	0.0	1723.75	10242.000000000002	176.14901960784312	1701.9874031007753	10242.000000000002	30.845160524026312	1719.9022816114202
16661	15535	0.0	0.0	0.0	0.0078125	0.0014745351896010587	8474.0	1126.0000000000002	0.0	1041.3125	1126.0000000000002	0.0	1041.3125	1126.0000000000002	0.0	1041.3125	1126.0000000000002	126.25882352941176	1025.7136627906978	1126.0000000000002	23.75458096497138	1038.3497352655845
10050	6994	0.0	0.0	0.0	0.0078125	0.0044279966635542775	5409.0	3056.0000000000005	0.0	628.125	3056.0000000000005	0.0	628.125	3056.0000000000005	0.0	628.125	3056.0000000000005	66.83921568627451	619.8672480620155	3056.0000000000005	37.81911903325846	623.4288709977026
9577	11918	9.356287425149701e-05	0.0	0.0	0.0078125	-0.003030014598940257	6343.0	2340.9999999999995	1.0056140350877194	744.7493158854898	2340.9999999999995	0.0	744.875	2340.9999999999995	0.0	744.875	2340.9999999999995	84.29411764705883	734.4607558139535	2340.9999999999995	-32.51582019716345	748.9580068079997
1334	7242	0.0	0.0	0.0	0.0078125	-0.003557991838118745	5908.0	5908.0	0.0	452.625	5908.0	0.0	452.625	5908.0	0.0	452.625	5908.0	33.63137254901961	448.46996124031006	5908.0	-15.229575648924737	454.53889324176487
8974	8561	0.0	0.0	0.0	0.0078125	0.0002244822641324832	4601.0	412.9999999999998	0.0	560.875	412.9999999999998	0.0	560.875	412.9999999999998	0.0	560.875	412.9999999999998	68.76470588235294	552.3793604651163	412.9999999999998	1.9683691827669445	560.6290366830547
1998	1876	0.04716466739367503	0.015625	0.0625	0.0078125	0.04987490575849999	332.0	121.99999999999991	93.56442831215972	113.96960426972143	121.99999999999991	30.503937007874015	121.15	121.99999999999991	124.96774193548387	110.63235294117646	121.99999999999991	15.192156862745097	122.99806201550388	121.99999999999991	99.07845680206476	113.37271387949089
6641	432	0.0	0.0	0.0	0.0078125	0.00481691160501685	6209.0	6209.0	0.0	415.0625	6209.0	0.0	415.0625	6209.0	0.0	415.0625	6209.0	27.737254901960785	411.6356589147287	6209.0	17.076135007585528	412.9433318592175
6560	6580	7.631840036632832e-05	0.0	0.0	0.0078125	0.007353600808009567	3457.0	19.99999999999982	0.5014310246136232	411.18732829670336	19.99999999999982	0.0	411.25	19.99999999999982	0.0	411.25	19.99999999999982	51.529411764705884	404.8837209302326	19.99999999999982	48.491450694125795	405.25494060999654
2847	5718	0.0	0.0	0.0	0.0078125	-0.00032554257704573114	3283.0	2871.0	0.0	357.375	2871.0	0.0	357.375	2871.0	0.0	357.375	2871.0	33.588235294117645	353.22529069767444	2871.0	-1.3939091978021334	357.5493237605811
9889	13755	0.0	0.0	0.0	0.0078125	0.004449324699517446	7020.0	3866.0000000000005	0.0	859.6875	3866.0000000000005	0.0	859.6875	3866.0000000000005	0.0	859.6875	3866.0000000000005	92.72156862745098	848.2320736434109	3866.0000000000005	52.71719455560802	853.1416351036511
2722	3999	0.0	0.0	0.0	0.0078125	0.0027315793903527723	2058.0	1277.0	0.0	249.9375	1277.0	0.0	249.9375	1277.0	0.0	249.9375	1277.0	26.356862745098038	246.68120155038758	1277.0	9.192026916921405	248.79319170130486
353	1987	0.0	0.0	0.0	0.0078125	0.002276679217185646	1634.0	1634.0	0.0	124.1875	1634.0	0.0	124.1875	1634.0	0.0	124.1875	1634.0	9.176470588235293	123.05377906976744	1634.0	2.666750351658728	123.85529199554614
2040	20667	0.0	0.0	0.0	0.0078125	0.0006392203044372886	18627.0	18627.0	0.0	1291.6875	18627.0	0.0	1291.6875	18627.0	0.0	1291.6875	18627.0	89.04705882352941	1280.6860465116279	18627.0	7.259708002808596	1290.780906047459
19472	8540	0.0	0.0	0.0	0.0078125	0.0012671066185762064	11849.0	10931.999999999998	0.0	1217.0	10931.999999999998	0.0	1217.0	10931.999999999998	0.0	1217.0	10931.999999999998	109.85098039215687	1203.4282945736434	10931.999999999998	17.75834615875471	1214.784420463023
19647	2225	0.0	0.0	0.0	0.0078125	0.0030813090085225416	17422.0	17422.0	0.0	1227.9375	17422.0	0.0	1227.9375	17422.0	0.0	1227.9375	17422.0	85.77254901960784	1217.3406007751937	17422.0	33.74919116057923	1223.7382896500299
16518	12272	0.0	0.0	0.0	0.0078125	0.0011123731515838371	8267.0	4246.000000000001	0.0	1032.375	4246.000000000001	0.0	1032.375	4246.000000000001	0.0	1032.375	4246.000000000001	112.90196078431372	1018.4263565891473	4246.000000000001	16.02152247277244	1030.3756475863145
24268	14800	0.00030757400999615535	0.0	0.0	0.0078125	-0.0019030156392409257	12999.0	9468.0	6.009074828885642	1515.9992120839418	9468.0	0.0	1516.75	9468.0	0.0	1516.75	9468.0	153.2078431372549	1497.8217054263566	9468.0	-37.13817023754482	1521.4055480178035
2057	6435	0.006783291681542306	0.0	0.0	0.0078125	0.008794126134971535	4430.0	4378.0	28.89987461938026	398.61152482269506	4378.0	0.0	402.1875	4378.0	0.0	402.1875	4378.0	33.30196078431373	398.0731589147287	4378.0	37.50477040991311	397.5607061624716
2059	6613	0.0	0.0	0.0	0.0078125	-0.003447427954702026	4606.0	4554.0	0.0	413.3125	4554.0	0.0	413.3125	4554.0	0.0	413.3125	4554.0	34.007843137254895	409.1109496124031	4554.0	-14.922325790049094	415.1874697746639
1750	2595	0.0	0.0	0.0	0.0078125	-0.008232872338820271	1372.0	844.9999999999999	0.0	162.1875	844.9999999999999	0.0	162.1875	844.9999999999999	0.0	162.1875	844.9999999999999	17.03921568627451	160.08236434108528	844.9999999999999	-17.812590763198507	164.44179874831937
3723	11912	0.0	0.0	0.0	0.0078125	-0.0003614957286808013	8295.0	8189.000000000001	0.0	744.5	8189.000000000001	0.0	744.5	8189.000000000001	0.0	744.5	8189.000000000001	61.31372549019608	736.9249031007752	8189.000000000001	-2.8254821590961754	744.8533768515928
19715	5641	0.0	0.0	0.0	0.0078125	0.0021513697953549913	14139.0	14074.0	0.0	1232.1875	14074.0	0.0	1232.1875	14074.0	0.0	1232.1875	14074.0	99.43529411764706	1219.9026162790697	14074.0	27.30443723628523	1228.7854358149407
8842	3375	0.000164446637066272	0.0	0.0	0.0078125	-0.007139840375161422	5702.0	5466.999999999999	1.0046048844667381	552.499455360079	5466.999999999999	0.0	552.625	5466.999999999999	0.0	552.625	5466.999999999999	47.90980392156863	546.7059108527131	5466.999999999999	-43.45857130066389	558.115918649127
2241	4795	0.0	0.0	0.0	0.0078125	0.0027529617984907466	2899.0	2554.0	0.0	299.6875	2554.0	0.0	299.6875	2554.0	0.0	299.6875	2554.0	27.592156862745096	296.2785852713178	2554.0	9.698269089247537	298.4802086760083
4578	6907	0.0	0.0	0.0	0.0078125	0.0030779575910875896	3586.0	2329.0	0.0	431.6875	2329.0	0.0	431.6875	2329.0	0.0	431.6875	2329.0	45.03921568627451	426.1230620155039	2329.0	17.702415108302077	429.484883127969
7746	1092	0.0	0.0	0.0	0.0078125	0.0014199772296942452	6654.0	6653.999999999999	0.0	484.125	6653.999999999999	0.0	484.125	6653.999999999999	0.0	484.125	6653.999999999999	34.65882352941177	479.84302325581393	6653.999999999999	6.279337636249388	483.34175227168697
