8001	8001	98
8001	8001	197
8001	8001	296
8001	8001	396
8001	8001	489
8001	8001	584
8001	8001	681
8001	8001	773
8001	8001	866
8001	8001	966
8001	8001	109
8001	8001	68
8001	8001	93
8001	8001	93
8001	8001	80
8001	8001	208
8001	8001	229
8001	8001	168
8001	8001	207
8001	8001	180
8001	8001	318
8001	8001	294
8001	8001	307
8001	8001	294
8001	8001	269
8001	8001	429
8001	8001	371
8001	8001	358
8001	8001	383
8001	8001	422
8001	8001	462
8001	8001	517
8001	8001	484
8001	8001	503
8001	8001	515
8001	8001	592
8001	8001	571
8001	8001	555
8001	8001	604
8001	8001	606
8001	8001	684
8001	8001	708
8001	8001	665
8001	8001	695
8001	8001	646
8001	8001	776
8001	8001	795
8001	8001	776
8001	8001	785
8001	8001	783
8001	8001	874
8001	8001	855
8001	8001	894
8001	8001	866
8001	8001	835
8001	8001	945
8001	8001	964
8001	8001	920
8001	8001	976
8001	8001	950
