len_x	len_y	TJ	J1	J2	J3	J4	trueED	TED[0]	TED[1]	TED[2]	ED1[0]	ED1[1]	ED1[2]	ED2[0]	ED2[1]	ED2[2]	ED3[0]	ED3[1]	ED3[2]	ED4[0]	ED4[1]	ED4[2]
8001	8001	0.603976303	0.546875	0.6328125	0.0078125	0.600498583	197	0	6923.112278	164.6213848	0	6022.258065	195.3106061	0	7406.64	149.9389952	0	62.75294118	656.4127907	0	6866.144052	166.4278697
8001	8001	0.484941439	0.3828125	0.4765625	0.0078125	0.48701122	296	0	5121.935947	231.2652113	0	3787.913043	297.5889831	0	5005.753846	236.3611111	0	62.75294118	656.4127907	0	5150.833665	230.0152577
8001	8001	0.384142114	0.296875	0.34375	0.0078125	0.377271082	396	0	3804.197244	296.6626338	0	2789.33945	361.4909639	0	3321.169811	325.622093	0	62.75294118	656.4127907	0	3720.332946	301.4689783
8001	8001	0.315568369	0.1640625	0.3046875	0.0078125	0.318755977	489	0	2997.880679	346.88033	0	1429.965957	478.807047	0	2875.935484	355.3338323	0	62.75294118	656.4127907	0	3033.904111	344.4302508
8001	8001	0.264724509	0.0625	0.25	0.0078125	0.261338834	584	0	2441.181022	387.6298197	0	516.1935484	588.3088235	0	2286	400.05	0	62.75294118	656.4127907	0	2405.266822	390.4599774
8001	8001	0.209737261	0.140625	0.1875	0.0078125	0.198013443	681	0	1874.705634	435.5554704	0	1210.235294	502.3458904	0	1655.37931	456.1973684	0	62.75294118	656.4127907	0	1758.398866	446.3426849
8001	8001	0.182006511	0.109375	0.203125	0.0078125	0.190053011	773	0	1602.023441	461.4163746	0	925.7355372	535.278169	0	1808.921739	441.6136364	0	62.75294118	656.4127907	0	1680.285827	453.7883191
8001	8001	0.149456717	0.046875	0.1328125	0.0078125	0.14961129	866	0	1292.380682	493.3632778	0	384.048	607.0410448	0	1138.217573	510.4086207	0	62.75294118	656.4127907	0	1293.825375	493.2072928
8001	8001	0.124190825	0.0625	0.15625	0.0078125	0.12415382	966	0	1059.436963	519.4365181	0	516.1935484	588.3088235	0	1356.101695	486.5472973	0	62.75294118	656.4127907	0	1059.100392	519.4755649
8001	8001	0.834213548	0.7109375	0.796875	0.0078125	0.830602265	109	0	11450.71223	60.26458438	0	8825.345455	112.6472603	0	10598.72727	75.37173913	0	62.75294118	656.4127907	0	11365.93397	61.6987874
8001	8001	0.811748696	0.65625	0.7890625	0.0078125	0.800993152	68	0	10931.69651	69.27923135	0	7814.930233	138.3820755	0	10427.10968	78.61244541	0	62.75294118	656.4127907	0	10690.09108	73.67480317
8001	8001	0.781222123	0.59375	0.734375	0.0078125	0.772846678	93	0	10257.09167	81.89329535	0	6756.4	169.9558824	0	9285.111111	102.1148649	0	62.75294118	656.4127907	0	10077.87072	85.43010492
8001	8001	0.783832068	0.7109375	0.7578125	0.0078125	0.775795744	93	0	10313.44473	80.79794692	0	8825.345455	112.6472603	0	9762.226415	91.86333333	0	62.75294118	656.4127907	0	10140.69624	84.18095845
8001	8001	0.739897615	0.578125	0.7265625	0.0078125	0.73342425	80	0	9395.936209	99.67440841	0	6506.307692	178.240099	0	9129.97546	105.5938914	0	62.75294118	656.4127907	0	9266.129433	102.5365727
8001	8001	0.577352157	0.4453125	0.5703125	0.0078125	0.574403336	208	0	6494.080222	178.6541122	0	4583.487437	255.8878378	0	6383.311475	182.4440299	0	62.75294118	656.4127907	0	6447.54749	180.2375343
8001	8001	0.589218222	0.421875	0.5859375	0.0078125	0.587220486	229	0	6683.294416	172.3418137	0	4277.762376	271.0961538	0	6630.662983	174.0775862	0	62.75294118	656.4127907	0	6651.216358	173.3979265
8001	8001	0.560863619	0.390625	0.625	0.0078125	0.556205125	168	0	6236.337112	187.5847312	0	3883.980583	292.1713483	0	7273.636364	153.8653846	0	62.75294118	656.4127907	0	6164.583747	190.1421784
8001	8001	0.639273623	0.53125	0.609375	0.0078125	0.635877754	207	0	7517.790998	146.7200526	0	5787.957447	204.1071429	0	7012.11236	161.8325243	0	62.75294118	656.4127907	0	7459.240437	148.4087102
8001	8001	0.628082331	0.4765625	0.5703125	0.0078125	0.619952291	180	0	7325.930481	152.3117724	0	5005.753846	236.3611111	0	6383.311475	182.4440299	0	62.75294118	656.4127907	0	7188.502606	156.4223908
8001	8001	0.513311227	0.2734375	0.4765625	0.0078125	0.507709056	318	0	5525.034158	214.430273	0	2534.253394	380.4156442	0	5005.753846	236.3611111	0	62.75294118	656.4127907	0	5444.220073	217.7044607
8001	8001	0.493966888	0.34375	0.421875	0.0078125	0.489898877	294	0	5248.528787	225.8400639	0	3321.169811	325.622093	0	4277.762376	271.0961538	0	62.75294118	656.4127907	0	5191.282695	228.2771865
8001	8001	0.469770866	0.359375	0.4453125	0.0078125	0.471250258	307	0	4912.514884	240.5342787	0	3505.2	314.2155172	0	4583.487437	255.8878378	0	62.75294118	656.4127907	0	4932.754149	239.6219735
8001	8001	0.471487794	0.28125	0.421875	0.0078125	0.464689038	294	0	4936.007473	239.4756621	0	2618.509091	374.0304878	0	4277.762376	271.0961538	0	62.75294118	656.4127907	0	4843.288532	243.6821572
8001	8001	0.453097989	0.21875	0.4140625	0.0078125	0.453039101	269	0	4687.093283	250.9444775	0	1965.157895	427.4038462	0	4177.862069	276.2776243	0	62.75294118	656.4127907	0	4686.305711	250.9816694
8001	8001	0.418575741	0.234375	0.3671875	0.0078125	0.417756182	429	0	4235.453565	273.2773535	0	2124.159292	413.5537975	0	3598.535885	308.61	0	62.75294118	656.4127907	0	4224.971119	273.8207529
8001	8001	0.406957288	0.3046875	0.390625	0.0078125	0.408208103	371	0	4087.856819	281.0399662	0	2875.935484	355.3338323	0	3883.980583	292.1713483	0	62.75294118	656.4127907	0	4103.643239	280.1981091
8001	8001	0.400561207	0.2109375	0.3515625	0.0078125	0.401731717	358	0	4007.518421	285.3683321	0	1886.69869	434.4629032	0	3412.748815	319.8858382	0	62.75294118	656.4127907	0	4022.172624	284.5732696
8001	8001	0.376206065	0.296875	0.4375	0.0078125	0.372883599	383	0	3707.397422	302.2182629	0	2789.33945	361.4909639	0	4480.56	260.9021739	0	62.75294118	656.4127907	0	3667.152121	304.5632275
8001	8001	0.351895735	0.203125	0.328125	0.0078125	0.350532016	422	0	3416.674335	319.642638	0	1808.921739	441.6136364	0	3140.579439	337.2970588	0	62.75294118	656.4127907	0	3400.619694	320.6386621
8001	8001	0.326964612	0.171875	0.2890625	0.0078125	0.325329385	462	0	3127.302483	338.1750657	0	1504.461538	471.17	0	2703.534247	367.7227273	0	62.75294118	656.4127907	0	3108.623731	339.4149695
8001	8001	0.316192831	0.1796875	0.28125	0.0078125	0.313856613	517	0	3004.92703	346.3994177	0	1579.596567	463.634106	0	2618.509091	374.0304878	0	62.75294118	656.4127907	0	2978.592191	348.2009365
8001	8001	0.306239267	0.1328125	0.2265625	0.0078125	0.304713456	484	0	2893.230821	354.1196319	0	1138.217573	510.4086207	0	2044.30837	420.4347134	0	62.75294118	656.4127907	0	2876.224517	355.3134991
8001	8001	0.293255607	0.1484375	0.2734375	0.0078125	0.293140164	503	0	2749.489753	364.368669	0	1282.860759	494.3928571	0	2534.253394	380.4156442	0	62.75294118	656.4127907	0	2748.2215	364.4607206
8001	8001	0.287395229	0.1484375	0.3046875	0.0078125	0.281332514	515	0	2685.323859	369.0624452	0	1282.860759	494.3928571	0	2875.935484	355.3338323	0	62.75294118	656.4127907	0	2619.403074	373.9634643
8001	8001	0.279798142	0.1875	0.28125	0.0078125	0.281350889	592	0	2602.793295	375.2111942	0	1655.37931	456.1973684	0	2618.509091	374.0304878	0	62.75294118	656.4127907	0	2619.602165	373.9485402
8001	8001	0.272220452	0.1875	0.2421875	0.0078125	0.275120033	571	0	2521.19646	381.417397	0	1655.37931	456.1973684	0	2204.72	406.759434	0	62.75294118	656.4127907	0	2552.334569	379.0338992
8001	8001	0.257219293	0.171875	0.265625	0.0078125	0.261121286	555	0	2361.756197	393.9241457	0	1504.461538	471.17	0	2450.756757	386.8796296	0	62.75294118	656.4127907	0	2402.963928	390.6423495
8001	8001	0.269909394	0.15625	0.2421875	0.0078125	0.270152316	604	0	2496.453142	383.3249155	0	1356.101695	486.5472973	0	2204.72	406.759434	0	62.75294118	656.4127907	0	2499.050866	383.1240849
8001	8001	0.246197051	0.0859375	0.25	0.0078125	0.245448201	606	0	2246.344275	403.305493	0	718.4571429	561.221223	0	2286	400.05	0	62.75294118	656.4127907	0	2238.555799	403.9488853
8001	8001	0.219136273	0.1171875	0.1875	0.0078125	0.222114834	684	0	1969.055013	427.0571724	0	995.9751037	526.8723776	0	1655.37931	456.1973684	0	62.75294118	656.4127907	0	1999.16262	424.391326
8001	8001	0.214888602	0.1328125	0.2109375	0.0078125	0.216885193	708	0	1926.292895	430.8815015	0	1138.217573	510.4086207	0	1886.69869	434.4629032	0	62.75294118	656.4127907	0	1946.367585	429.0805743
8001	8001	0.203615819	0.1015625	0.2421875	0.0078125	0.205732031	665	0	1813.788149	441.1616598	0	856.0740741	543.8031915	0	2204.72	406.759434	0	62.75294118	656.4127907	0	1834.800605	439.2171353
8001	8001	0.207177937	0.140625	0.234375	0.0078125	0.209474194	695	0	1849.185941	437.8924548	0	1210.235294	502.3458904	0	2124.159292	413.5537975	0	62.75294118	656.4127907	0	1872.079166	435.7952269
8001	8001	0.200811969	0.1328125	0.203125	0.0078125	0.202499303	646	0	1786.024069	443.7485913	0	1138.217573	510.4086207	0	1808.921739	441.6136364	0	62.75294118	656.4127907	0	1802.721882	442.1903521
8001	8001	0.176219243	0.0859375	0.140625	0.0078125	0.175811845	776	0	1546.1619	466.9672116	0	718.4571429	561.221223	0	1210.235294	502.3458904	0	62.75294118	656.4127907	0	1542.242853	467.3600242
8001	8001	0.18302348	0.1796875	0.171875	0.0078125	0.187388759	795	0	1611.876483	460.4465627	0	1579.596567	463.634106	0	1504.461538	471.17	0	62.75294118	656.4127907	0	1654.295664	456.3025725
8001	8001	0.173376433	0.140625	0.1640625	0.0078125	0.179854849	776	0	1518.851351	469.7139369	0	1210.235294	502.3458904	0	1429.965957	478.807047	0	62.75294118	656.4127907	0	1581.213064	463.473774
8001	8001	0.168825467	0.140625	0.1953125	0.0078125	0.171198411	785	0	1475.307277	474.1388993	0	1210.235294	502.3458904	0	1731.818182	448.8578431	0	62.75294118	656.4127907	0	1497.984796	471.8273643
8001	8001	0.171889908	0.140625	0.1796875	0.0078125	0.176094766	783	0	1504.604304	471.1555239	0	1210.235294	502.3458904	0	1579.596567	463.634106	0	62.75294118	656.4127907	0	1544.964287	467.0872028
8001	8001	0.144187379	0.0703125	0.1328125	0.0078125	0.142868788	874	0	1243.275541	498.7059597	0	583.0688259	579.1478102	0	1138.217573	510.4086207	0	62.75294118	656.4127907	0	1231.03114	500.0506105
8001	8001	0.156385752	0.09375	0.1875	0.0078125	0.152379429	855	0	1357.37983	486.4119083	0	786.9836066	552.45	0	1655.37931	456.1973684	0	62.75294118	656.4127907	0	1319.7383	490.4209507
8001	8001	0.142040174	0.046875	0.1328125	0.0078125	0.147215324	894	0	1223.345543	500.8971895	0	384.048	607.0410448	0	1138.217573	510.4086207	0	62.75294118	656.4127907	0	1271.458931	495.6298702
8001	8001	0.145171697	0.0390625	0.140625	0.0078125	0.145112291	866	0	1252.427241	497.7042068	0	318.7649402	616.6184211	0	1210.235294	502.3458904	0	62.75294118	656.4127907	0	1251.874642	497.7646158
8001	8001	0.142744705	0.0703125	0.109375	0.0078125	0.14322474	835	0	1229.879801	500.1773057	0	583.0688259	579.1478102	0	925.7355372	535.278169	0	62.75294118	656.4127907	0	1234.334785	499.6873182
8001	8001	0.134346375	0.078125	0.140625	0.0078125	0.127669309	945	0	1152.30966	508.8168545	0	650.4878049	570.1195652	0	1210.235294	502.3458904	0	62.75294118	656.4127907	0	1091.134321	515.777528
8001	8001	0.131590136	0.09375	0.0703125	0.0078125	0.131073717	964	0	1127.003982	511.6802085	0	786.9836066	552.45	0	583.0688259	579.1478102	0	62.75294118	656.4127907	0	1122.270917	512.2182496
8001	8001	0.122873612	0.0234375	0.1484375	0.0078125	0.120329569	920	0	1047.464649	520.8280018	0	189.7470356	636.2118321	0	1282.860759	494.3928571	0	62.75294118	656.4127907	0	1024.389024	523.5247524
8001	8001	0.119089317	0.0703125	0.078125	0.0078125	0.120202497	976	0	1013.162011	524.8438967	0	583.0688259	579.1478102	0	650.4878049	570.1195652	0	62.75294118	656.4127907	0	1023.238059	523.6597734
8001	8001	0.111072472	0.0859375	0.0703125	0.0078125	0.108528597	950	0	940.9475312	533.4417371	0	718.4571429	561.221223	0	583.0688259	579.1478102	0	62.75294118	656.4127907	0	918.1606499	536.1959622
