len_x	len_y	TJ	J1	J2	J3	J4	trueED	TED[0]	TED[1]	TED[2]	ED1[0]	ED1[1]	ED1[2]	ED2[0]	ED2[1]	ED2[2]	ED3[0]	ED3[1]	ED3[2]	ED4[0]	ED4[1]	ED4[2]
8001	8001	0.5193606697745219	0.3125	0.46875	0.0078125	0.5261796562521922	197.0	0.0	5612.987084752297	158.19134314339388	0.0	2963.333333333333	261.9375	0.0	4898.571428571428	180.87367021276594	0.0	62.752941176470586	492.3095930232558	0.0	5712.994053221151	155.25025816897357
8001	8001	0.3929350196249455	0.21875	0.3671875	0.0078125	0.39543440913614325	296.0	0.0	3912.5649932157394	217.9358171571697	0.0	1965.157894736842	320.55288461538464	0.0	3598.535885167464	231.4575	0.0	62.752941176470586	492.3095930232558	0.0	3943.58538599215	216.6497965092546
8001	8001	0.2896713235887911	0.1953125	0.265625	0.0078125	0.28891587829952986	396.0	0.0	2710.1928325227823	275.4257827175955	0.0	1731.8181818181818	336.64338235294116	0.0	2450.7567567567567	290.15972222222223	0.0	62.752941176470586	492.3095930232558	0.0	2701.931381348173	275.8803034352929
8001	8001	0.2291233741245286	0.15625	0.234375	0.0078125	0.22965938602592068	489.0	0.0	2070.405232735017	313.62717595491546	0.0	1356.1016949152543	364.91047297297297	0.0	2124.1592920353983	310.1653481012658	0.0	62.752941176470586	492.3095930232558	0.0	2075.8770748286015	313.27248639184774
8001	8001	0.18182490934655518	0.09375	0.1640625	0.0078125	0.1855419189977452	584.0	0.0	1600.2651308559568	346.1922980588604	0.0	786.983606557377	414.3375	0.0	1429.9659574468085	359.1052852348993	0.0	62.752941176470586	492.3095930232558	0.0	1636.3242661202207	343.53904961496744
8001	8001	0.13625044468160796	0.046875	0.1328125	0.0078125	0.13491581106952918	681.0	0.0	1169.8350830311128	380.1351753287414	0.0	384.048	455.28078358208955	0.0	1138.2175732217574	382.8064655172414	0.0	62.752941176470586	492.3095930232558	0.0	1157.5471078185678	381.1702665586894
8001	8001	0.11273690078037904	0.078125	0.09375	0.0078125	0.11701621686895225	773.0	0.0	955.8899800635015	398.7348700688791	0.0	650.4878048780488	427.5896739130435	0.0	786.983606557377	414.3375	0.0	62.752941176470586	492.3095930232558	0.0	994.4289053957593	395.2915556496094
8001	8001	0.09017680387739778	0.03125	0.09375	0.0078125	0.09068927444198366	866.0	0.0	755.5721485505952	417.3345648090169	0.0	254.0	469.7556818181818	0.0	786.983606557377	414.3375	0.0	62.752941176470586	492.3095930232558	0.0	760.0699824259831	416.90351721116406
8001	8001	0.07332482021641239	0.046875	0.0703125	0.0078125	0.07181403465666035	966.0	0.0	608.9992674503784	431.738368816531	0.0	384.048	455.28078358208955	0.0	583.0688259109311	434.36085766423355	0.0	62.752941176470586	492.3095930232558	0.0	595.9841027943868	433.0517975006622
8001	8001	0.7867531886328037	0.5859375	0.7578125	0.0078125	0.7839735913437457	109.0	0.0	10376.804131316856	59.68184877896056	0.0	6630.6629834254145	130.5581896551724	0.0	9762.22641509434	68.8975	0.0	62.752941176470586	492.3095930232558	0.0	10316.50737136982	60.553982695057186
8001	8001	0.7582296598040295	0.6328125	0.671875	0.0078125	0.7568392674016329	68.0	0.0	9770.881638443123	68.76250782717598	0.0	7406.64	112.45424641148325	0.0	8095.129411764706	98.14310747663552	0.0	62.752941176470586	492.3095930232558	0.0	9742.056388515015	69.2126855889389
8001	8001	0.7192378081601895	0.5703125	0.625	0.0078125	0.7193271182475803	93.0	0.0	8986.245440026898	81.66330619912335	0.0	6383.311475409836	136.8330223880597	0.0	7273.636363636363	115.39903846153847	0.0	62.752941176470586	492.3095930232558	0.0	8987.988041448221	81.63308857384555
8001	8001	0.7235052881502266	0.5625	0.65625	0.0078125	0.7210535182599244	93.0	0.0	9069.78424078458	80.22292579837196	0.0	6261.652173913044	140.0175	0.0	7814.930232558139	103.78655660377359	0.0	62.752941176470586	492.3095930232558	0.0	9021.721052390583	81.04958593395689
8001	8001	0.6703273716138479	0.5625	0.609375	0.0078125	0.6673698541498168	80.0	0.0	8067.082356642808	98.69737006887912	0.0	6261.652173913044	140.0175	0.0	7012.112359550562	121.3743932038835	0.0	62.752941176470586	492.3095930232558	0.0	8013.6656366063835	99.75942763702001
8001	8001	0.0	0.0	0.0	0.0078125	-0.0008390878212500473	208.0	0.0	0.0	500.0625	0.0	0.0	500.0625	0.0	0.0	500.0625	0.0	62.752941176470586	492.3095930232558	0.0	-6.710726213502883	500.90239745495325
8001	8001	0.0	0.0	0.0	0.0078125	-0.001313173645947719	229.0	0.0	0.0	500.0625	0.0	0.0	500.0625	0.0	0.0	500.0625	0.0	62.752941176470586	492.3095930232558	0.0	-10.49980830545059	501.3775647009615
8001	8001	0.0	0.0	0.0	0.0078125	-0.003244249113276214	168.0	0.0	0.0	500.0625	0.0	0.0	500.0625	0.0	0.0	500.0625	0.0	62.752941176470586	492.3095930232558	0.0	-25.915199473866256	503.31771537400607
8001	8001	0.0	0.0	0.0	0.0078125	-0.00204220862542061	207.0	0.0	0.0	500.0625	0.0	0.0	500.0625	0.0	0.0	500.0625	0.0	62.752941176470586	492.3095930232558	0.0	-16.323043681690365	502.1091435746601
8001	8001	0.0	0.0	0.0	0.0078125	-0.0037538799979004835	180.0	0.0	0.0	500.0625	0.0	0.0	500.0625	0.0	0.0	500.0625	0.0	62.752941176470586	492.3095930232558	0.0	-29.978525968701543	503.8309957135816
8001	8001	0.0	0.0	0.0	0.0078125	0.0015704060659103387	318.0	0.0	0.0	500.0625	0.0	0.0	500.0625	0.0	0.0	500.0625	0.0	62.752941176470586	492.3095930232558	0.0	12.574692620132428	498.4943602495078
8001	8001	0.0	0.0	0.0	0.0078125	0.0033620885176279132	294.0	0.0	0.0	500.0625	0.0	0.0	500.0625	0.0	0.0	500.0625	0.0	62.752941176470586	492.3095930232558	0.0	26.945366583337492	496.71125839223663
8001	8001	0.0	0.0	0.0	0.0078125	0.0006572077994140338	307.0	0.0	0.0	500.0625	0.0	0.0	500.0625	0.0	0.0	500.0625	0.0	62.752941176470586	492.3095930232558	0.0	5.260048075421914	499.4056417419813
8001	8001	0.0	0.0	0.0	0.0078125	0.0009858872649225578	294.0	0.0	0.0	500.0625	0.0	0.0	500.0625	0.0	0.0	500.0625	0.0	62.752941176470586	492.3095930232558	0.0	7.891974305126646	499.0774606369328
8001	8001	0.0	0.0	0.0	0.0078125	0.0033986785267645916	269.0	0.0	0.0	500.0625	0.0	0.0	500.0625	0.0	0.0	500.0625	0.0	62.752941176470586	492.3095930232558	0.0	27.2391153909271	496.6749099679191
8001	8001	0.0	0.0	0.0	0.0078125	0.0015704060659103387	429.0	0.0	0.0	500.0625	0.0	0.0	500.0625	0.0	0.0	500.0625	0.0	62.752941176470586	492.3095930232558	0.0	12.574692620132428	498.4943602495078
8001	8001	0.0	0.0	0.0	0.0078125	0.002776784822434863	371.0	0.0	0.0	500.0625	0.0	0.0	500.0625	0.0	0.0	500.0625	0.0	62.752941176470586	492.3095930232558	0.0	22.24794424125108	497.2930582233543
8001	8001	0.0	0.0	0.0	0.0078125	-0.0017506422861523323	358.0	0.0	0.0	500.0625	0.0	0.0	500.0625	0.0	0.0	500.0625	0.0	62.752941176470586	492.3095930232558	0.0	-13.994639127986364	501.8164316233048
8001	8001	0.0	0.0	0.0	0.0078125	0.00021909423259263027	383.0	0.0	0.0	500.0625	0.0	0.0	500.0625	0.0	0.0	500.0625	0.0	62.752941176470586	492.3095930232558	0.0	1.7531650091447781	499.84342637839535
8001	8001	0.0	0.0	0.0	0.0078125	0.001022412197339843	422.0	0.0	0.0	500.0625	0.0	0.0	500.0625	0.0	0.0	500.0625	0.0	62.752941176470586	492.3095930232558	0.0	8.184503959254643	499.0410043907059
8001	8001	0.0	0.0	0.0	0.0078125	-0.0018599871061304146	462.0	0.0	0.0	500.0625	0.0	0.0	500.0625	0.0	0.0	500.0625	0.0	62.752941176470586	492.3095930232558	0.0	-14.867929757327708	501.92618603651647
8001	8001	0.0	0.0	0.0	0.0078125	-0.0018599871061304146	517.0	0.0	0.0	500.0625	0.0	0.0	500.0625	0.0	0.0	500.0625	0.0	62.752941176470586	492.3095930232558	0.0	-14.867929757327708	501.92618603651647
8001	8001	0.0	0.0	0.0	0.0078125	-0.000656702370735537	484.0	0.0	0.0	500.0625	0.0	0.0	500.0625	0.0	0.0	500.0625	0.0	62.752941176470586	492.3095930232558	0.0	-5.252550986912275	500.71971605387256
8001	8001	0.0	0.0	0.0	0.0078125	-0.004845294159489233	503.0	0.0	0.0	500.0625	0.0	0.0	500.0625	0.0	0.0	500.0625	0.0	62.752941176470586	492.3095930232558	0.0	-38.673506312940816	504.9319939518638
8001	8001	0.0	0.0	0.0	0.0078125	-0.003826668591712947	515.0	0.0	0.0	500.0625	0.0	0.0	500.0625	0.0	0.0	500.0625	0.0	62.752941176470586	492.3095930232558	0.0	-30.558706381338865	503.904348405916
8001	8001	0.0	0.0	0.0	0.0078125	0.0019724111976499783	592.0	0.0	0.0	500.0625	0.0	0.0	500.0625	0.0	0.0	500.0625	0.0	62.752941176470586	492.3095930232558	0.0	15.796840925361817	498.09372548385164
8001	8001	0.0	0.0	0.0	0.0078125	-3.640571121974222e-05	571.0	0.0	0.0	500.0625	0.0	0.0	500.0625	0.0	0.0	500.0625	0.0	62.752941176470586	492.3095930232558	0.0	-0.2912767933997447	500.0989115875234
8001	8001	0.0	0.0	0.0	0.0078125	3.658928973732615e-05	555.0	0.0	0.0	500.0625	0.0	0.0	500.0625	0.0	0.0	500.0625	0.0	62.752941176470586	492.3095930232558	0.0	0.2927562630602123	500.0259074754959
8001	8001	0.0	0.0	0.0	0.0078125	0.0008032775798319035	604.0	0.0	0.0	500.0625	0.0	0.0	500.0625	0.0	0.0	500.0625	0.0	62.752941176470586	492.3095930232558	0.0	6.429606295527232	499.25976682803025
8001	8001	0.0	0.0	0.0	0.0078125	0.0005841788966863526	606.0	0.0	0.0	500.0625	0.0	0.0	500.0625	0.0	0.0	500.0625	0.0	62.752941176470586	492.3095930232558	0.0	4.675380981839287	499.47858918932474
8001	8001	0.0	0.0	0.0	0.0078125	-0.0028436888111528324	684.0	0.0	0.0	500.0625	0.0	0.0	500.0625	0.0	0.0	500.0625	0.0	62.752941176470586	492.3095930232558	0.0	-22.720049802327953	502.91465491326875
8001	8001	0.0	0.0	0.0	0.0078125	-0.001094385679887905	708.0	0.0	0.0	500.0625	0.0	0.0	500.0625	0.0	0.0	500.0625	0.0	62.752941176470586	492.3095930232558	0.0	-8.75139112621931	501.1582216201482
8001	8001	0.0	0.0	0.0	0.0078125	-0.0022608417125849615	665.0	0.0	0.0	500.0625	0.0	0.0	500.0625	0.0	0.0	500.0625	0.0	62.752941176470586	492.3095930232558	0.0	-18.068569454637384	502.32874794568573
8001	8001	0.0	0.0	0.0	0.0078125	-0.002187967983916362	695.0	0.0	0.0	500.0625	0.0	0.0	500.0625	0.0	0.0	500.0625	0.0	62.752941176470586	492.3095930232558	0.0	-17.486801558339437	502.2555397807421
8001	8001	0.0	0.0	0.0	0.0078125	-0.00360829094971337	646.0	0.0	0.0	500.0625	0.0	0.0	500.0625	0.0	0.0	500.0625	0.0	62.752941176470586	492.3095930232558	0.0	-28.817944125168577	503.6843105322472
8001	8001	0.0	0.0	0.0	0.0078125	-0.0017141920276199968	776.0	0.0	0.0	500.0625	0.0	0.0	500.0625	0.0	0.0	500.0625	0.0	62.752941176470586	492.3095930232558	0.0	-13.703505193311186	501.7798501695928
8001	8001	0.0	0.0	0.0	0.0078125	-0.003717484218542086	795.0	0.0	0.0	500.0625	0.0	0.0	500.0625	0.0	0.0	500.0625	0.0	62.752941176470586	492.3095930232558	0.0	-29.688408138191548	503.7943218930633
8001	8001	0.0	0.0	0.0	0.0078125	-0.0014225542142971258	776.0	0.0	0.0	500.0625	0.0	0.0	500.0625	0.0	0.0	500.0625	0.0	62.752941176470586	492.3095930232558	0.0	-11.373766368951014	501.48725883025224
8001	8001	0.0	0.0	0.0	0.0078125	-0.00193287869055386	785.0	0.0	0.0	500.0625	0.0	0.0	500.0625	0.0	0.0	500.0625	0.0	62.752941176470586	492.3095930232558	0.0	-15.450030885388053	501.9993640235879
8001	8001	0.0	0.0	0.0	0.0078125	-0.0038994532328426677	783.0	0.0	0.0	500.0625	0.0	0.0	500.0625	0.0	0.0	500.0625	0.0	62.752941176470586	492.3095930232558	0.0	-31.138813143185146	503.9777078343437
8001	8001	0.0	0.0	0.0	0.0078125	0.0057425304578569624	874.0	0.0	0.0	500.0625	0.0	0.0	500.0625	0.0	0.0	500.0625	0.0	62.752941176470586	492.3095930232558	0.0	46.07828918285279	494.35204419224016
8001	8001	0.0	0.0	0.0	0.0078125	0.005779185878250301	855.0	0.0	0.0	500.0625	0.0	0.0	500.0625	0.0	0.0	500.0625	0.0	62.752941176470586	492.3095930232558	0.0	46.37326607409253	494.31580295393013
8001	8001	0.0	0.0	0.0	0.0078125	0.006659218833572361	894.0	0.0	0.0	500.0625	0.0	0.0	500.0625	0.0	0.0	500.0625	0.0	62.752941176470586	492.3095930232558	0.0	53.45840549776419	493.44650611515425
8001	8001	0.0	0.0	0.0	0.0078125	0.004899734074912557	866.0	0.0	0.0	500.0625	0.0	0.0	500.0625	0.0	0.0	500.0625	0.0	62.752941176470586	492.3095930232558	0.0	39.29904978003483	495.18604678232344
8001	8001	0.0	0.0	0.0	0.0078125	0.0010589381284073147	835.0	0.0	0.0	500.0625	0.0	0.0	500.0625	0.0	0.0	500.0625	0.0	62.752941176470586	492.3095930232558	0.0	8.477052302336649	499.0045498081227
8001	8001	0.0	0.0	0.0	0.0078125	-0.0005472591608155981	945.0	0.0	0.0	500.0625	0.0	0.0	500.0625	0.0	0.0	500.0625	0.0	62.752941176470586	492.3095930232558	0.0	-4.377422753334337	500.61012726224664
8001	8001	0.0	0.0	0.0	0.0078125	-0.0008390878212500473	964.0	0.0	0.0	500.0625	0.0	0.0	500.0625	0.0	0.0	500.0625	0.0	62.752941176470586	492.3095930232558	0.0	-6.710726213502883	500.90239745495325
8001	8001	0.0	0.0	0.0	0.0078125	-0.0036810874507770246	920.0	0.0	0.0	500.0625	0.0	0.0	500.0625	0.0	0.0	500.0625	0.0	62.752941176470586	492.3095930232558	0.0	-29.398271888804768	503.7576497561043
8001	8001	0.0	0.0	0.0	0.0078125	-0.003426282394437841	976.0	0.0	0.0	500.0625	0.0	0.0	500.0625	0.0	0.0	500.0625	0.0	62.752941176470586	492.3095930232558	0.0	-27.36680224154104	503.5009919240801
8001	8001	0.0	0.0	0.0	0.0078125	-0.005245256903488281	950.0	0.0	0.0	500.0625	0.0	0.0	500.0625	0.0	0.0	500.0625	0.0	62.752941176470586	492.3095930232558	0.0	-41.85752375209793	505.3360738100344
